4.90844,8,0,99.9
20.4647,8,0,0
20.5663,8,0,0
20.6675,8,0.000262968,-0.7763
21.6645,108,0.000262968,0
21.6675,8,0.284838,-1.76996
21.6696,108,0.000262968,-0.284575
21.6725,8,0.259418,-97.2238
21.6747,108,0.000262968,-0.259155
21.6776,8,0.162953,-28.3505
21.6797,108,0.000262968,-0.16269
21.6827,8,0.0525498,95.7333
21.6848,108,0.000262968,-0.0522868
21.6878,8,0.0144632,73.8417
21.6899,108,0.000262968,-0.0142003
21.6928,8,0.023711,-48.0064
21.695,108,0.000262968,-0.023448
21.6979,8,0.0079767,9.09824
21.7,108,0.000262968,-0.00771373
21.7029,8,-0.00411983,19.718
21.7051,108,0.000262968,0.0043828
21.708,8,-0.00267351,-7.63879
21.7102,108,0.000262968,0.00293648
21.7131,8,-0.00398835,-0.7763
21.7153,108,0.000262968,0.00425132
21.7182,8,-0.00591678,4.93727
21.7203,108,0.000262968,0.00617975
21.7232,8,-0.00490874,-0.962612
21.7254,108,0.000262968,0.00517171
21.7283,8,-0.00407601,-0.7763
21.7305,108,0.000262968,0.00433897
21.7334,8,-0.00398835,1.98733
21.7356,108,0.000262968,0.00425132
21.7384,8,-0.00293648,0.031052
21.7406,108,0.000262968,0.00319945
21.7435,8,-0.00192843,-0.7763
21.7457,108,0.000262968,0.0021914
21.7485,8,-0.00175312,1.98733
21.7508,108,0.000262968,0.00201609
21.7536,8,-0.00127101,0.031052
21.7558,108,0.000262968,0.00153398
21.7587,8,-0.00043828,-0.7763
21.7609,108,0.000262968,0.000701248
21.7638,8,-0.000482108,0.993664
21.766,108,0.000262968,0.000745076
21.7689,8,-0.000525936,1.98733
21.7711,108,0.000262968,0.000788904
21.774,8,0.000131484,-0.7763
21.7762,108,0.000262968,0.000131484
21.7791,8,0.000131484,2.17364
21.7812,108,0.000262968,0.000131484
21.7842,8,4.3828e-05,0.217364
21.7863,108,0.000262968,0.00021914
21.7893,8,-0.000131484,-0.7763
21.7914,108,0.000262968,0.000394452
21.7943,8,0.000175312,0.031052
21.7964,108,0.000262968,8.7656e-05
21.7994,8,0.00065742,-1.76996
21.8015,108,0.000262968,-0.000394452
21.8044,8,0.000569764,0.217364
21.8066,108,0.000262968,-0.000306796
21.8095,8,0.000394452,2.17364
21.8117,108,0.000262968,-0.000131484
21.8146,8,0.00021914,2.17364
21.8167,108,0.000262968,4.3828e-05
21.8197,8,0,1.98733
21.8218,108,0.000262968,0.000262968
21.8248,8,-8.7656e-05,2.17364
21.8269,108,0.000262968,0.000350624
21.8299,8,-8.7656e-05,1.98733
21.8319,108,0.000262968,0.000350624
21.835,8,-8.7656e-05,3.97466
21.837,108,0.000262968,0.000350624
21.8401,8,4.3828e-05,0.993664
21.8421,108,0.000262968,0.00021914
21.8452,8,0.000569764,-0.7763
21.8472,108,0.000262968,-0.000306796
21.8502,8,0.000701248,-0.7763
21.8522,108,0.000262968,-0.00043828
21.8553,8,0.00065742,0.217364
21.8573,108,0.000262968,-0.000394452
21.8604,8,0.000569764,0.217364
21.8624,108,0.000262968,-0.000306796
21.8655,8,0.000482108,1.21103
21.8675,108,0.000262968,-0.00021914
21.8706,8,0.00043828,1.21103
21.8725,108,0.000262968,-0.000175312
21.8757,8,0.000350624,1.21103
21.8776,108,0.000262968,-8.76561e-05
21.8808,8,8.7656e-05,2.98099
21.8827,108,0.000262968,0.000175312
21.8859,8,-4.3828e-05,-0.7763
21.8878,108,0.000262968,0.000306796
21.891,8,-0.000131484,1.98733
21.8928,108,0.000262968,0.000394452
21.8961,8,-0.000131484,1.21103
21.8979,108,0.000262968,0.000394452
21.9011,8,-0.000131484,0.217364
21.903,108,0.000262968,0.000394452
21.9062,8,-0.000131484,1.98733
21.9081,108,0.000262968,0.000394452
21.9113,8,0.000394452,-0.962612
21.9131,108,0.000262968,-0.000131484
21.9164,8,0.000613592,0.217364
21.9182,108,0.000262968,-0.000350624
21.9215,8,0.000613592,0.217364
21.9233,108,0.000262968,-0.000350624
21.9265,8,0.000613592,0.217364
21.9284,108,0.000262968,-0.000350624
21.9316,8,0.000613592,-0.7763
21.9335,108,0.000262968,-0.000350624
21.9367,8,0.000569764,-0.7763
21.9386,108,0.000262968,-0.000306796
21.9417,8,0.000569764,0.217364
21.9436,108,0.000262968,-0.000306796
21.9468,8,0.000482108,0.217364
21.9487,108,0.000262968,-0.00021914
21.9519,8,0.00043828,-0.7763
21.9538,108,0.000262968,-0.000175312
21.957,8,0.000350624,0.217364
21.9588,108,0.000262968,-8.76561e-05
21.962,8,0.000306796,-1.76996
21.9639,108,0.000262968,-4.3828e-05
21.9671,8,8.7656e-05,0.217364
21.969,108,0.000262968,0.000175312
21.9722,8,-8.7656e-05,2.17364
21.9741,108,0.000262968,0.000350624
21.9773,8,-0.000175312,1.21103
21.9792,108,0.000262968,0.00043828
21.9824,8,-0.000175312,0.217364
21.9842,108,0.000262968,0.00043828
21.9874,8,-0.00021914,2.17364
21.9893,108,0.000262968,0.000482108
21.9925,8,-0.00021914,2.17364
21.9944,108,0.000262968,0.000482108
21.9976,8,4.3828e-05,0.031052
21.9995,108,0.000262968,0.00021914
22.0027,8,0.00043828,-0.7763
22.0045,108,0.000262968,-0.000175312
22.0077,8,0.000482108,0.217364
22.0095,108,0.000262968,-0.00021914
22.0128,8,0.000482108,1.98733
22.0146,108,0.000262968,-0.00021914
22.0179,8,0.000306796,1.98733
22.0197,108,0.000262968,-4.3828e-05
22.023,8,0.000131484,0.217364
22.0247,108,0.000262968,0.000131484
22.028,8,4.3828e-05,1.98733
22.0298,108,0.000262968,0.00021914
22.0331,8,4.3828e-05,0.993664
22.0349,108,0.000262968,0.00021914
22.0382,8,4.3828e-05,2.17364
22.0399,108,0.000262968,0.00021914
22.0433,8,0.00021914,0.993664
22.045,108,0.000262968,4.3828e-05
22.0484,8,0.000701248,0.217364
22.0501,108,0.000262968,-0.00043828
22.0534,8,0.000569764,0.217364
22.0552,108,0.000262968,-0.000306796
22.0585,8,0.000482108,1.98733
22.0602,108,0.000262968,-0.00021914
22.0636,8,0.000350624,2.17364
22.0653,108,0.000262968,-8.76561e-05
22.0687,8,0.000175312,2.17364
22.0704,108,0.000262968,8.7656e-05
22.0738,8,8.7656e-05,0.993664
22.0754,108,0.000262968,0.000175312
22.0789,8,0,1.98733
22.0805,108,0.000262968,0.000262968
22.084,8,0.000306796,0.031052
22.0856,108,0.000262968,-4.3828e-05
22.0891,8,0.000525936,0.217364
22.0906,108,0.000262968,-0.000262968
22.0942,8,0.00043828,-0.7763
22.0957,108,0.000262968,-0.000175312
22.0992,8,0.000306796,-0.7763
22.1008,108,0.000262968,-4.3828e-05
22.1043,8,8.7656e-05,2.98099
22.1058,108,0.000262968,0.000175312
22.1094,8,0,1.98733
22.1109,108,0.000262968,0.000262968
22.1145,8,0.000350624,0.031052
22.116,108,0.000262968,-8.76561e-05
22.1196,8,0.000569764,0.217364
22.1211,108,0.000262968,-0.000306796
22.1246,8,0.000482108,0.217364
22.1262,108,0.000262968,-0.00021914
22.1297,8,0.000394452,0.217364
22.1312,108,0.000262968,-0.000131484
22.1348,8,0.000394452,0.217364
22.1363,108,0.000262968,-0.000131484
22.1399,8,0.000394452,0.217364
22.1414,108,0.000262968,-0.000131484
22.145,8,0.000394452,0.217364
22.1465,108,0.000262968,-0.000131484
22.15,8,0.000350624,0.217364
22.1515,108,0.000262968,-8.76561e-05
22.1551,8,0.000262968,1.98733
22.1566,108,0.000262968,0
22.1602,8,8.7656e-05,3.97466
22.1617,108,0.000262968,0.000175312
22.1653,8,-4.3828e-05,0.217364
22.1667,108,0.000262968,0.000306796
22.1704,8,-8.7656e-05,3.1673
22.1718,108,0.000262968,0.000350624
22.1755,8,-8.7656e-05,-0.7763
22.1769,108,0.000262968,0.000350624
22.1806,8,0,0.993664
22.182,108,0.000262968,0.000262968
22.1857,8,0.000482108,0.217364
22.187,108,0.000262968,-0.00021914
22.1908,8,0.000482108,-0.7763
22.1921,108,0.000262968,-0.00021914
22.1959,8,0.000262968,0.217364
22.1972,108,0.000262968,0
22.2009,8,0.000131484,0.217364
22.2023,108,0.000262968,0.000131484
22.206,8,8.7656e-05,0.993664
22.2074,108,0.000262968,0.000175312
22.2111,8,0.000525936,0.031052
22.2124,108,0.000262968,-0.000262968
22.2162,8,0.000613592,0.217364
22.2175,108,0.000262968,-0.000350624
22.2213,8,0.000350624,0.217364
22.2225,108,0.000262968,-8.76561e-05
22.2264,8,0.000350624,0.993664
22.2276,108,0.000262968,-8.76561e-05
22.2315,8,0.000482108,0.217364
22.2326,108,0.000262968,-0.00021914
22.2366,8,0.00043828,0.217364
22.2377,108,0.000262968,-0.000175312
22.2417,8,0.000262968,0.217364
22.2428,108,0.000262968,0
22.2468,8,0.000131484,0.217364
22.2479,108,0.000262968,0.000131484
22.2518,8,4.3828e-05,-0.7763
22.253,108,0.000262968,0.00021914
22.2569,8,0,0.993664
22.258,108,0.000262968,0.000262968
22.2619,8,-4.3828e-05,2.17364
22.2631,108,0.000262968,0.000306796
22.267,8,-8.7656e-05,1.21103
22.2682,108,0.000262968,0.000350624
22.2721,8,-8.7656e-05,0.217364
22.2733,108,0.000262968,0.000350624
22.2772,8,0.000131484,0.993664
22.2783,108,0.000262968,0.000131484
22.2823,8,0.000613592,-0.7763
22.2834,108,0.000262968,-0.000350624
22.2874,8,0.000569764,0.217364
22.2885,108,0.000262968,-0.000306796
22.2925,8,0.000482108,0.217364
22.2935,108,0.000262968,-0.00021914
22.2976,8,0.000482108,0.217364
22.2986,108,0.000262968,-0.00021914
22.3027,8,0.000482108,1.21103
22.3037,108,0.000262968,-0.00021914
22.3078,8,0.00043828,1.21103
22.3088,108,0.000262968,-0.000175312
22.3128,8,0.000394452,0.217364
22.3138,108,0.000262968,-0.000131484
22.3179,8,0.000394452,1.21103
22.3189,108,0.000262968,-0.000131484
22.323,8,0.000394452,0.217364
22.324,108,0.000262968,-0.000131484
22.3281,8,0.000394452,1.21103
22.3291,108,0.000262968,-0.000131484
22.3332,8,0.000394452,0.217364
22.3341,108,0.000262968,-0.000131484
22.3383,8,0.000306796,0.217364
22.3392,108,0.000262968,-4.3828e-05
22.3434,8,0.000306796,0.217364
22.3443,108,0.000262968,-4.3828e-05
22.3485,8,0.000306796,0.217364
22.3494,108,0.000262968,-4.3828e-05
22.3536,8,0.000306796,1.21103
22.3544,108,0.000262968,-4.3828e-05
22.3586,8,0.000306796,-0.7763
22.3595,108,0.000262968,-4.3828e-05
22.3637,8,0.000306796,0.217364
22.3646,108,0.000262968,-4.3828e-05
22.3688,8,0.000262968,0.217364
22.3696,108,0.000262968,0
22.3739,8,0.000262968,0.217364
22.3747,108,0.000262968,0
22.379,8,0.00021914,-0.7763
22.3798,108,0.000262968,4.3828e-05
22.3841,8,0.000175312,0.217364
22.3849,108,0.000262968,8.7656e-05
22.3892,8,0.000131484,0.217364
22.3899,108,0.000262968,0.000131484
22.3943,8,0.000131484,-1.76996
22.395,108,0.000262968,0.000131484
22.3994,8,4.3828e-05,0.993664
22.4001,108,0.000262968,0.00021914
22.4044,8,-4.3828e-05,1.98733
22.4052,108,0.000262968,0.000306796
22.4095,8,-8.7656e-05,0.217364
22.4102,108,0.000262968,0.000350624
22.4146,8,-0.000131484,0.993664
22.4153,108,0.000262968,0.000394452
22.4197,8,0.000306796,0.031052
22.4204,108,0.000262968,-4.3828e-05
22.4248,8,0.000569764,0.217364
22.4255,108,0.000262968,-0.000306796
22.4299,8,0.000394452,1.21103
22.4305,108,0.000262968,-0.000131484
22.435,8,0.000262968,1.98733
22.4356,108,0.000262968,0
22.4401,8,0.000175312,1.98733
22.4407,108,0.000262968,8.7656e-05
22.4452,8,0.000131484,2.17364
22.4457,108,0.000262968,0.000131484
22.4502,8,8.7656e-05,0.217364
22.4508,108,0.000262968,0.000175312
22.4553,8,8.7656e-05,1.98733
22.4559,108,0.000262968,0.000175312
22.4604,8,4.3828e-05,2.17364
22.461,108,0.000262968,0.00021914
22.4655,8,0.000262968,0.993664
22.466,108,0.000262968,0
22.4706,8,0.000613592,0.217364
22.4711,108,0.000262968,-0.000350624
22.4757,8,0.000525936,-0.7763
22.4762,108,0.000262968,-0.000262968
22.4808,8,0.00043828,-0.7763
22.4813,108,0.000262968,-0.000175312
22.4859,8,0.000306796,2.17364
22.4863,108,0.000262968,-4.3828e-05
22.491,8,0.000175312,0.217364
22.4914,108,0.000262968,8.7656e-05
22.496,8,4.3828e-05,-1.76996
22.4965,108,0.000262968,0.00021914
22.5011,8,4.3828e-05,0.993664
22.5015,108,0.000262968,0.00021914
22.5062,8,0.000306796,0.031052
22.5066,108,0.000262968,-4.3828e-05
22.5113,8,0.000525936,0.217364
22.5117,108,0.000262968,-0.000262968
22.5164,8,0.000525936,0.217364
22.5167,108,0.000262968,-0.000262968
22.5215,8,0.000482108,0.217364
22.5218,108,0.000262968,-0.00021914
22.5266,8,0.00043828,0.217364
22.5269,108,0.000262968,-0.000175312
22.5317,8,0.000394452,1.98733
22.532,108,0.000262968,-0.000131484
22.5368,8,0.000350624,-0.7763
22.5371,108,0.000262968,-8.76561e-05
22.5418,8,0.000306796,0.217364
22.5421,108,0.000262968,-4.3828e-05
22.5469,8,0.000175312,1.98733
22.5472,108,0.000262968,8.7656e-05
22.552,8,4.3828e-05,2.17364
22.5523,108,0.000262968,0.00021914
22.5571,8,-4.3828e-05,0.993664
22.5574,108,0.000262968,0.000306796
22.5622,8,0.000262968,4.16097
22.5624,108,0.000262968,0
22.5673,8,0.000306796,1.21103
22.5675,108,0.000262968,-4.3828e-05
22.5724,8,0.000306796,-0.7763
22.5725,108,0.000262968,-4.3828e-05
22.5775,8,0.000262968,0.217364
22.5776,108,0.000262968,0
22.5826,8,8.7656e-05,1.98733
22.5827,108,0.000262968,0.000175312
22.5876,8,0,1.98733
22.5878,108,0.000262968,0.000262968
22.5927,8,0,1.98733
22.5928,108,0.000262968,0.000262968
22.5978,8,-4.3828e-05,0.217364
22.5979,108,0.000262968,0.000306796
22.6029,8,0.000262968,-0.962612
22.603,108,0.000262968,0
22.608,8,0.000569764,0.217364
22.6081,108,0.000262968,-0.000306796
22.6131,8,0.000569764,0.217364
22.6132,108,0.000262968,-0.000306796
22.6182,8,0.000525936,0.217364
22.6182,108,0.000262968,-0.000262968
22.6233,8,0.000482108,0.217364
22.6233,108,0.000262968,-0.00021914
22.6284,8,0.00043828,1.21103
22.6284,108,0.000262968,-0.000175312
22.6334,8,0.00043828,0.217364
22.6335,108,0.000262968,-0.000175312
22.6385,108,0.000262968,-0.000175312
22.6385,8,0.000350624,1.21103
22.6436,108,0.000262968,-8.76561e-05
22.6436,8,0.00021914,0.217364
22.6487,108,0.000262968,4.3828e-05
22.6487,8,0.000175312,-0.7763
22.6537,108,0.000262968,8.7656e-05
22.6538,8,4.3828e-05,2.17364
22.6588,108,0.000262968,0.00021914
22.6639,108,0.000262968,0.00021914
22.669,108,0.000262968,0.00021914
22.674,108,0.000262968,0.00021914
22.6741,8,-8.7656e-05,0.993664
22.6791,108,0.000262968,0.000350624
22.6792,8,0.00021914,0.031052
22.6842,108,0.000262968,4.3828e-05
22.6843,8,0.000525936,0.217364
22.6893,108,0.000262968,-0.000262968
22.6943,108,0.000262968,-0.000262968
22.6994,108,0.000262968,-0.000262968
22.7045,108,0.000262968,-0.000262968
22.7095,108,0.000262968,-0.000262968
22.7146,108,0.000262968,-0.000262968
22.7197,108,0.000262968,-0.000262968
22.7247,108,0.000262968,-0.000262968
22.7298,108,0.000262968,-0.000262968
22.7349,108,0.000262968,-0.000262968
22.74,108,0.000262968,-0.000262968
22.745,108,0.000262968,-0.000262968
22.7501,108,0.000262968,-0.000262968
22.7551,108,0.000262968,-0.000262968
22.7602,108,0.000262968,-0.000262968
22.7653,108,0.000262968,-0.000262968
22.7704,108,0.000262968,-0.000262968
22.7755,108,0.000262968,-0.000262968
22.7805,108,0.000262968,-0.000262968
22.7856,108,0.000262968,-0.000262968
22.7907,108,0.000262968,-0.000262968
22.7957,108,0.000262968,-0.000262968
22.8008,108,0.000262968,-0.000262968
22.8059,108,0.000262968,-0.000262968
22.8109,108,0.000262968,-0.000262968
22.816,108,0.000262968,-0.000262968
22.8211,108,0.000262968,-0.000262968
22.8262,108,0.000262968,-0.000262968
22.8313,108,0.000262968,-0.000262968
22.8363,108,0.000262968,-0.000262968
22.8414,108,0.000262968,-0.000262968
22.8465,108,0.000262968,-0.000262968
22.8516,108,0.000262968,-0.000262968
22.8566,108,0.000262968,-0.000262968
22.8617,108,0.000262968,-0.000262968
22.8668,108,0.000262968,-0.000262968
22.8718,108,0.000262968,-0.000262968
22.8769,108,0.000262968,-0.000262968
22.882,108,0.000262968,-0.000262968
22.8871,108,0.000262968,-0.000262968
22.8921,108,0.000262968,-0.000262968
22.8972,108,0.000262968,-0.000262968
22.9023,108,0.000262968,-0.000262968
22.9074,108,0.000262968,-0.000262968
22.9124,108,0.000262968,-0.000262968
22.9175,108,0.000262968,-0.000262968
22.9226,108,0.000262968,-0.000262968
22.9277,108,0.000262968,-0.000262968
22.9327,108,0.000262968,-0.000262968
22.9377,108,0.000262968,-0.000262968
22.9428,108,0.000262968,-0.000262968
22.9479,108,0.000262968,-0.000262968
22.953,108,0.000262968,-0.000262968
22.9581,108,0.000262968,-0.000262968
22.9631,108,0.000262968,-0.000262968
22.9682,108,0.000262968,-0.000262968
22.9733,108,0.000262968,-0.000262968
22.9784,108,0.000262968,-0.000262968
22.9834,108,0.000262968,-0.000262968
22.9885,108,0.000262968,-0.000262968
22.9936,108,0.000262968,-0.000262968
22.9986,108,0.000262968,-0.000262968
23.0037,108,0.000262968,-0.000262968
23.0088,108,0.000262968,-0.000262968
23.0139,108,0.000262968,-0.000262968
23.0189,108,0.000262968,-0.000262968
23.024,108,0.000262968,-0.000262968
23.0291,108,0.000262968,-0.000262968
23.0342,108,0.000262968,-0.000262968
23.0392,108,0.000262968,-0.000262968
23.0443,108,0.000262968,-0.000262968
23.0494,108,0.000262968,-0.000262968
23.0545,108,0.000262968,-0.000262968
23.0595,108,0.000262968,-0.000262968
23.0646,108,0.000262968,-0.000262968
23.0697,108,0.000262968,-0.000262968
23.0747,108,0.000262968,-0.000262968
23.0798,108,0.000262968,-0.000262968
23.0849,108,0.000262968,-0.000262968
23.09,108,0.000262968,-0.000262968
23.0951,108,0.000262968,-0.000262968
23.1001,108,0.000262968,-0.000262968
23.1052,108,0.000262968,-0.000262968
23.1103,108,0.000262968,-0.000262968
23.1153,108,0.000262968,-0.000262968
23.1204,108,0.000262968,-0.000262968
23.1255,108,0.000262968,-0.000262968
23.1305,108,0.000262968,-0.000262968
23.1356,108,0.000262968,-0.000262968
23.1407,108,0.000262968,-0.000262968
23.1457,108,0.000262968,-0.000262968
23.1508,108,0.000262968,-0.000262968
23.1559,108,0.000262968,-0.000262968
23.161,108,0.000262968,-0.000262968
23.1661,108,0.000262968,-0.000262968
23.1711,108,0.000262968,-0.000262968
23.1762,108,0.000262968,-0.000262968
23.1813,108,0.000262968,-0.000262968
23.1864,108,0.000262968,-0.000262968
23.1914,108,0.000262968,-0.000262968
23.1965,108,0.000262968,-0.000262968
23.2016,108,0.000262968,-0.000262968
23.2066,108,0.000262968,-0.000262968
23.2117,108,0.000262968,-0.000262968
23.2167,108,0.000262968,-0.000262968
23.2218,108,0.000262968,-0.000262968
23.2269,108,0.000262968,-0.000262968
23.2319,108,0.000262968,-0.000262968
23.237,108,0.000262968,-0.000262968
23.2421,108,0.000262968,-0.000262968
23.2471,108,0.000262968,-0.000262968
23.2522,108,0.000262968,-0.000262968
23.2573,108,0.000262968,-0.000262968
23.2623,108,0.000262968,-0.000262968
23.2674,108,0.000262968,-0.000262968
23.2725,108,0.000262968,-0.000262968
23.2775,108,0.000262968,-0.000262968
23.2826,108,0.000262968,-0.000262968
23.2877,108,0.000262968,-0.000262968
23.2927,108,0.000262968,-0.000262968
23.2978,108,0.000262968,-0.000262968
23.3029,108,0.000262968,-0.000262968
23.308,108,0.000262968,-0.000262968
23.313,108,0.000262968,-0.000262968
23.3181,108,0.000262968,-0.000262968
23.3232,108,0.000262968,-0.000262968
23.3283,108,0.000262968,-0.000262968
23.3334,108,0.000262968,-0.000262968
23.3384,108,0.000262968,-0.000262968
23.3435,108,0.000262968,-0.000262968
23.3485,108,0.000262968,-0.000262968
23.3536,108,0.000262968,-0.000262968
23.3587,108,0.000262968,-0.000262968
23.3638,108,0.000262968,-0.000262968
23.3688,108,0.000262968,-0.000262968
23.3739,108,0.000262968,-0.000262968
23.379,108,0.000262968,-0.000262968
23.3841,108,0.000262968,-0.000262968
23.3891,108,0.000262968,-0.000262968
23.3942,108,0.000262968,-0.000262968
23.3993,108,0.000262968,-0.000262968
23.4043,108,0.000262968,-0.000262968
23.4094,108,0.000262968,-0.000262968
23.4145,108,0.000262968,-0.000262968
23.4196,108,0.000262968,-0.000262968
23.4246,108,0.000262968,-0.000262968
23.4263,8,0.000175312,0.217364
23.4297,108,0.000262968,8.7656e-05
23.4314,8,0,4.16097
23.4348,108,0.000262968,0.000262968
23.4365,8,-8.7656e-05,2.17364
23.4398,108,0.000262968,0.000350624
23.4416,8,-0.000175312,4.16097
23.4449,108,0.000262968,0.00043828
23.4467,8,-4.3828e-05,0.993664
23.45,108,0.000262968,0.000306796
23.4518,8,0.000394452,0.217364
23.4551,108,0.000262968,-0.000131484
23.4569,8,0.00043828,0.217364
23.4602,108,0.000262968,-0.000175312
23.462,8,0.00043828,1.98733
23.4652,108,0.000262968,-0.000175312
23.467,8,0.000262968,0.217364
23.4703,108,0.000262968,0
23.4721,8,0.000175312,0.217364
23.4754,108,0.000262968,8.7656e-05
23.4772,8,8.7656e-05,2.17364
23.4804,108,0.000262968,0.000175312
23.4823,8,8.7656e-05,1.98733
23.4855,108,0.000262968,0.000175312
23.4874,8,4.3828e-05,1.98733
23.4906,108,0.000262968,0.00021914
23.4925,8,4.3828e-05,-0.7763
23.4956,108,0.000262968,0.00021914
23.4976,8,4.3828e-05,0.217364
23.5007,108,0.000262968,0.00021914
23.5027,8,4.3828e-05,1.98733
23.5058,108,0.000262968,0.00021914
23.5078,8,4.3828e-05,1.21103
23.5108,108,0.000262968,0.00021914
23.5128,8,4.3828e-05,0.993664
23.5159,108,0.000262968,0.00021914
23.5179,8,0.000482108,0.031052
23.521,108,0.000262968,-0.00021914
23.523,8,0.000701248,0.217364
23.5261,108,0.000262968,-0.00043828
23.5281,8,0.000701248,1.21103
23.5311,108,0.000262968,-0.00043828
23.5332,8,0.00065742,0.217364
23.5362,108,0.000262968,-0.000394452
23.5383,8,0.000613592,0.217364
23.5413,108,0.000262968,-0.000350624
23.5434,8,0.000613592,0.217364
23.5464,108,0.000262968,-0.000350624
23.5485,8,0.000569764,-0.7763
23.5515,108,0.000262968,-0.000306796
23.5536,8,0.000482108,0.217364
23.5565,108,0.000262968,-0.00021914
23.5586,8,0.00043828,-0.7763
23.5616,108,0.000262968,-0.000175312
23.5637,8,0.00043828,0.217364
23.5667,108,0.000262968,-0.000175312
23.5688,8,0.000350624,-0.7763
23.5717,108,0.000262968,-8.76561e-05
23.5739,8,0.000306796,0.217364
23.5768,108,0.000262968,-4.3828e-05
23.579,8,0.000262968,0.217364
23.5818,108,0.000262968,0
23.5841,8,0.00021914,-0.7763
23.5869,108,0.000262968,4.3828e-05
23.5892,8,4.3828e-05,2.17364
23.592,108,0.000262968,0.00021914
23.5943,8,-0.000131484,0.217364
23.5971,108,0.000262968,0.000394452
23.5993,8,-0.000175312,1.98733
23.6021,108,0.000262968,0.00043828
23.6044,8,-0.000131484,0.993664
23.6072,108,0.000262968,0.000394452
23.6095,8,0.00021914,0.031052
23.6123,108,0.000262968,4.3828e-05
23.6146,8,0.000306796,0.217364
23.6174,108,0.000262968,-4.3828e-05
23.6197,8,0.000131484,-0.7763
23.6225,108,0.000262968,0.000131484
23.6248,8,4.3828e-05,2.17364
23.6275,108,0.000262968,0.00021914
23.6299,8,0,-0.7763
23.6326,108,0.000262968,0.000262968
23.635,8,0.000262968,0.031052
23.6376,108,0.000262968,0
23.6401,8,0.000569764,-0.7763
23.6427,108,0.000262968,-0.000306796
23.6451,8,0.000569764,0.217364
23.6478,108,0.000262968,-0.000306796
23.6502,8,0.000525936,1.21103
23.6529,108,0.000262968,-0.000262968
23.6553,8,0.000394452,1.21103
23.658,108,0.000262968,-0.000131484
23.6603,8,0.000262968,1.98733
23.663,108,0.000262968,0
23.6654,8,4.3828e-05,0.217364
23.6681,108,0.000262968,0.00021914
23.6705,8,-8.7656e-05,0.217364
23.6732,108,0.000262968,0.000350624
23.6756,8,-8.7656e-05,2.17364
23.6783,108,0.000262968,0.000350624
23.6807,8,-0.000131484,1.98733
23.6833,108,0.000262968,0.000394452
23.6857,8,0.000262968,0.031052
23.6884,108,0.000262968,0
23.6907,8,0.000482108,-0.7763
23.6935,108,0.000262968,-0.00021914
23.6958,8,0.000482108,0.217364
23.6986,108,0.000262968,-0.00021914
23.7009,8,0.000394452,1.98733
23.7036,108,0.000262968,-0.000131484
23.706,8,0.000262968,0.217364
23.7087,108,0.000262968,0
23.7111,8,8.7656e-05,2.17364
23.7138,108,0.000262968,0.000175312
23.7161,8,4.3828e-05,2.17364
23.7188,108,0.000262968,0.00021914
23.7213,8,4.3828e-05,-0.7763
23.7239,108,0.000262968,0.00021914
23.7263,8,0,0.993664
23.729,108,0.000262968,0.000262968
23.7314,8,0.000306796,0.031052
23.7341,108,0.000262968,-4.3828e-05
23.7365,8,0.00043828,0.031052
23.7391,108,0.000262968,-0.000175312
23.7416,8,0.000306796,0.217364
23.7442,108,0.000262968,-4.3828e-05
23.7467,8,0.00021914,1.98733
23.7493,108,0.000262968,4.3828e-05
23.7518,8,0.000175312,1.21103
23.7544,108,0.000262968,8.7656e-05
23.7569,8,0.000175312,-0.7763
23.7594,108,0.000262968,8.7656e-05
23.762,8,8.7656e-05,1.98733
23.7645,108,0.000262968,0.000175312
23.7671,8,0.000175312,0.993664
23.7696,108,0.000262968,8.7656e-05
23.7722,8,0.000701248,-0.7763
23.7746,108,0.000262968,-0.00043828
23.7772,8,0.000701248,0.217364
23.7797,108,0.000262968,-0.00043828
23.7823,8,0.000569764,1.21103
23.7848,108,0.000262968,-0.000306796
23.7874,8,0.000482108,1.98733
23.7898,108,0.000262968,-0.00021914
23.7925,8,0.000394452,0.217364
23.7949,108,0.000262968,-0.000131484
23.7976,8,0.000306796,0.217364
23.8,108,0.000262968,-4.3828e-05
23.8027,8,0.00021914,-0.7763
23.805,108,0.000262968,4.3828e-05
23.8078,8,8.7656e-05,1.98733
23.8101,108,0.000262968,0.000175312
23.8129,8,0,-0.7763
23.8152,108,0.000262968,0.000262968
23.8179,8,-4.3828e-05,-0.7763
23.8203,108,0.000262968,0.000306796
23.823,8,-4.3828e-05,2.17364
23.8254,108,0.000262968,0.000306796
23.8281,8,0.00021914,0.031052
23.8304,108,0.000262968,4.3828e-05
23.8332,8,0.000525936,0.217364
23.8355,108,0.000262968,-0.000262968
23.8383,8,0.000525936,0.217364
23.8406,108,0.000262968,-0.000262968
23.8434,8,0.000525936,0.217364
23.8456,108,0.000262968,-0.000262968
23.8485,8,0.000525936,0.217364
23.8507,108,0.000262968,-0.000262968
23.8536,8,0.000482108,1.21103
23.8558,108,0.000262968,-0.00021914
23.8587,8,0.00043828,0.217364
23.8609,108,0.000262968,-0.000175312
23.8637,8,0.000350624,1.21103
23.866,108,0.000262968,-8.76561e-05
23.8688,8,0.000350624,1.21103
23.8711,108,0.000262968,-8.76561e-05
23.8738,8,0.000306796,0.217364
23.8761,108,0.000262968,-4.3828e-05
23.8789,8,0.000306796,0.217364
23.8812,108,0.000262968,-4.3828e-05
23.884,8,0.000262968,0.217364
23.8863,108,0.000262968,0
23.8891,8,0.00021914,0.217364
23.8914,108,0.000262968,4.3828e-05
23.8942,8,0.000131484,1.98733
23.8964,108,0.000262968,0.000131484
23.8993,8,4.3828e-05,1.98733
23.9015,108,0.000262968,0.00021914
23.9044,8,0,0.217364
23.9066,108,0.000262968,0.000262968
23.9095,8,-8.7656e-05,1.98733
23.9117,108,0.000262968,0.000350624
23.9145,8,-0.000131484,2.17364
23.9167,108,0.000262968,0.000394452
23.9196,8,0,0.993664
23.9218,108,0.000262968,0.000262968
23.9247,8,0.000306796,1.98733
23.9269,108,0.000262968,-4.3828e-05
23.9298,8,0.000350624,0.217364
23.9319,108,0.000262968,-8.76561e-05
23.9349,8,0.000306796,-0.7763
23.937,108,0.000262968,-4.3828e-05
23.94,8,0.000131484,2.17364
23.9421,108,0.000262968,0.000131484
23.9451,8,4.3828e-05,1.98733
23.9472,108,0.000262968,0.00021914
23.9502,8,0.000350624,0.031052
23.9522,108,0.000262968,-8.76561e-05
23.9552,8,0.000569764,0.217364
23.9573,108,0.000262968,-0.000306796
23.9603,8,0.000525936,0.217364
23.9624,108,0.000262968,-0.000262968
23.9654,8,0.000525936,0.217364
23.9675,108,0.000262968,-0.000262968
23.9705,8,0.000525936,-0.7763
23.9725,108,0.000262968,-0.000262968
23.9756,8,0.000482108,1.21103
23.9776,108,0.000262968,-0.00021914
23.9807,8,0.000482108,0.217364
23.9827,108,0.000262968,-0.00021914
23.9857,8,0.000482108,0.217364
23.9877,108,0.000262968,-0.00021914
23.9907,8,0.000350624,0.217364
23.9928,108,0.000262968,-8.76561e-05
23.9958,8,0.000262968,1.21103
23.9979,108,0.000262968,0
24.0009,8,0.000131484,-0.7763
24.0029,108,0.000262968,0.000131484
24.006,8,0,1.98733
24.008,108,0.000262968,0.000262968
24.0111,8,-8.7656e-05,2.17364
24.0131,108,0.000262968,0.000350624
24.0161,8,-0.000131484,0.993664
24.0182,108,0.000262968,0.000394452
24.0212,8,0.000262968,0.031052
24.0232,108,0.000262968,0
24.0263,8,0.00043828,0.217364
24.0283,108,0.000262968,-0.000175312
24.0314,8,0.000262968,0.217364
24.0334,108,0.000262968,0
24.0365,8,8.7656e-05,0.217364
24.0384,108,0.000262968,0.000175312
24.0416,8,0,0.217364
24.0435,108,0.000262968,0.000262968
24.0467,8,-4.3828e-05,0.993664
24.0486,108,0.000262968,0.000306796
24.0518,8,0.000262968,0.993664
24.0536,108,0.000262968,0
24.0568,8,0.000569764,0.217364
24.0587,108,0.000262968,-0.000306796
24.0619,8,0.000525936,1.98733
24.0638,108,0.000262968,-0.000262968
24.067,8,0.000350624,0.217364
24.0689,108,0.000262968,-8.76561e-05
24.0721,8,0.000175312,4.16097
24.0739,108,0.000262968,8.7656e-05
24.0772,8,-4.3828e-05,0.993664
24.079,108,0.000262968,0.000306796
24.0823,8,0.000262968,0.031052
24.0841,108,0.000262968,0
24.0874,8,0.000613592,-0.7763
24.0892,108,0.000262968,-0.000350624
24.0925,8,0.000613592,0.217364
24.0942,108,0.000262968,-0.000350624
24.0976,8,0.000613592,0.217364
24.0993,108,0.000262968,-0.000350624
24.1026,8,0.000569764,0.217364
24.1044,108,0.000262968,-0.000306796
24.1077,8,0.000569764,0.217364
24.1095,108,0.000262968,-0.000306796
24.1128,8,0.00043828,0.217364
24.1145,108,0.000262968,-0.000175312
24.1179,8,0.000394452,0.217364
24.1196,108,0.000262968,-0.000131484
24.123,8,0.000394452,0.217364
24.1247,108,0.000262968,-0.000131484
24.1281,8,0.000394452,0.217364
24.1297,108,0.000262968,-0.000131484
24.1332,8,0.000306796,0.217364
24.1348,108,0.000262968,-4.3828e-05
24.1383,8,0.00021914,0.217364
24.1399,108,0.000262968,4.3828e-05
24.1433,8,0.000175312,1.21103
24.145,108,0.000262968,8.7656e-05
24.1484,8,0.000175312,1.21103
24.1501,108,0.000262968,8.7656e-05
24.1535,8,0.000131484,0.217364
24.1551,108,0.000262968,0.000131484
24.1586,8,-4.3828e-05,0.217364
24.1602,108,0.000262968,0.000306796
24.1637,8,-0.000131484,1.98733
24.1653,108,0.000262968,0.000394452
24.1688,8,-0.00021914,0.993664
24.1703,108,0.000262968,0.000482108
24.1738,8,0.000131484,0.031052
24.1754,108,0.000262968,0.000131484
24.1789,8,0.00043828,0.217364
24.1805,108,0.000262968,-0.000175312
24.184,8,0.000350624,0.217364
24.1855,108,0.000262968,-8.76561e-05
24.189,8,0.00021914,1.21103
24.1906,108,0.000262968,4.3828e-05
24.1941,8,8.7656e-05,2.17364
24.1957,108,0.000262968,0.000175312
24.1992,8,-4.3828e-05,0.993664
24.2007,108,0.000262968,0.000306796
24.2042,8,0.000350624,0.031052
24.2058,108,0.000262968,-8.76561e-05
24.2093,8,0.000525936,0.217364
24.2109,108,0.000262968,-0.000262968
24.2144,8,0.000482108,2.17364
24.216,108,0.000262968,-0.00021914
24.2195,8,0.000394452,0.217364
24.221,108,0.000262968,-0.000131484
24.2246,8,0.00021914,0.217364
24.2261,108,0.000262968,4.3828e-05
24.2296,8,8.7656e-05,-0.7763
24.2312,108,0.000262968,0.000175312
24.2347,8,0,2.17364
24.2363,108,0.000262968,0.000262968
24.2398,8,-4.3828e-05,2.17364
24.2413,108,0.000262968,0.000306796
24.2449,8,-4.3828e-05,2.17364
24.2464,108,0.000262968,0.000306796
24.25,8,-4.3828e-05,1.98733
24.2515,108,0.000262968,0.000306796
24.2551,8,8.7656e-05,0.993664
24.2565,108,0.000262968,0.000175312
24.2601,8,0.00065742,-0.7763
24.2616,108,0.000262968,-0.000394452
24.2652,8,0.000613592,0.217364
24.2667,108,0.000262968,-0.000350624
24.2703,8,0.00043828,3.97466
24.2718,108,0.000262968,-0.000175312
24.2754,8,0.00021914,0.217364
24.2768,108,0.000262968,4.3828e-05
24.2805,8,8.7656e-05,1.98733
24.2819,108,0.000262968,0.000175312
24.2856,8,8.7656e-05,0.217364
24.287,108,0.000262968,0.000175312
24.2907,8,8.7656e-05,0.217364
24.2921,108,0.000262968,0.000175312
24.2958,8,8.7656e-05,0.217364
24.2971,108,0.000262968,0.000175312
24.3009,8,8.7656e-05,0.993664
24.3022,108,0.000262968,0.000175312
24.3059,8,0.000482108,0.217364
24.3073,108,0.000262968,-0.00021914
24.311,8,0.000525936,0.217364
24.3124,108,0.000262968,-0.000262968
24.3161,8,0.000394452,0.217364
24.3174,108,0.000262968,-0.000131484
24.3212,8,0.000175312,2.17364
24.3225,108,0.000262968,8.7656e-05
24.3263,8,0.000131484,0.217364
24.3276,108,0.000262968,0.000131484
24.3314,8,8.7656e-05,-0.7763
24.3326,108,0.000262968,0.000175312
24.3365,8,0.000262968,0.031052
24.3377,108,0.000262968,0
24.3416,8,0.000613592,0.217364
24.3428,108,0.000262968,-0.000350624
24.3467,8,0.000613592,0.217364
24.3479,108,0.000262968,-0.000350624
24.3517,8,0.000613592,0.217364
24.3529,108,0.000262968,-0.000350624
24.3568,8,0.000525936,0.217364
24.358,108,0.000262968,-0.000262968
24.3619,8,0.000525936,0.217364
24.3631,108,0.000262968,-0.000262968
24.367,8,0.000482108,0.217364
24.3682,108,0.000262968,-0.00021914
24.3721,8,0.000394452,-0.7763
24.3733,108,0.000262968,-0.000131484
24.3772,8,0.000306796,1.21103
24.3783,108,0.000262968,-4.3828e-05
24.3823,8,0.00021914,-0.7763
24.3834,108,0.000262968,4.3828e-05
24.3874,8,0.000131484,0.217364
24.3885,108,0.000262968,0.000131484
24.3924,8,-4.3828e-05,0.217364
24.3935,108,0.000262968,0.000306796
24.3975,8,-0.00021914,3.1673
24.3986,108,0.000262968,0.000482108
24.4026,8,-0.00021914,0.217364
24.4037,108,0.000262968,0.000482108
24.4077,8,-0.00021914,1.98733
24.4087,108,0.000262968,0.000482108
24.4127,8,0.000262968,-0.962612
24.4138,108,0.000262968,0
24.4178,8,0.000525936,0.217364
24.4189,108,0.000262968,-0.000262968
24.4228,8,0.000525936,0.217364
24.424,108,0.000262968,-0.000262968
24.4279,8,0.000525936,0.217364
24.429,108,0.000262968,-0.000262968
24.433,8,0.000525936,0.217364
24.4341,108,0.000262968,-0.000262968
24.4381,8,0.000525936,0.217364
24.4392,108,0.000262968,-0.000262968
24.4432,8,0.000482108,0.217364
24.4442,108,0.000262968,-0.00021914
24.4483,8,0.00043828,0.217364
24.4493,108,0.000262968,-0.000175312
24.4534,8,0.00043828,0.217364
24.4544,108,0.000262968,-0.000175312
24.4584,8,0.000350624,0.993664
24.4595,108,0.000262968,-8.76561e-05
24.4635,8,0.000306796,-1.76996
24.4645,108,0.000262968,-4.3828e-05
24.4686,8,0.00021914,0.217364
24.4696,108,0.000262968,4.3828e-05
24.4736,8,8.7656e-05,0.217364
24.4747,108,0.000262968,0.000175312
24.4787,8,-4.3828e-05,1.98733
24.4798,108,0.000262968,0.000306796
24.4838,8,-0.000131484,-0.7763
24.4849,108,0.000262968,0.000394452
24.4889,8,-0.000175312,2.17364
24.4899,108,0.000262968,0.00043828
24.494,8,-0.00021914,1.98733
24.495,108,0.000262968,0.000482108
24.4991,8,-0.00021914,1.98733
24.5001,108,0.000262968,0.000482108
24.5042,8,0.000350624,0.031052
24.5051,108,0.000262968,-8.76561e-05
24.5092,8,0.000482108,0.217364
24.5102,108,0.000262968,-0.00021914
24.5143,8,0.000482108,0.217364
24.5153,108,0.000262968,-0.00021914
24.5194,8,0.000350624,0.217364
24.5204,108,0.000262968,-8.76561e-05
24.5245,8,0.00021914,-0.7763
24.5254,108,0.000262968,4.3828e-05
24.5296,8,4.3828e-05,0.217364
24.5305,108,0.000262968,0.00021914
24.5347,8,0.000131484,0.031052
24.5356,108,0.000262968,0.000131484
24.5398,8,0.000613592,-0.7763
24.5406,108,0.000262968,-0.000350624
24.5449,8,0.000613592,0.217364
24.5457,108,0.000262968,-0.000350624
24.5499,8,0.000525936,-1.76996
24.5508,108,0.000262968,-0.000262968
24.555,8,0.000350624,0.217364
24.5559,108,0.000262968,-8.76561e-05
24.5601,8,0.000131484,2.17364
24.5609,108,0.000262968,0.000131484
24.5652,8,0,-0.7763
24.566,108,0.000262968,0.000262968
24.5703,8,-8.7656e-05,0.217364
24.5711,108,0.000262968,0.000350624
24.5754,8,0.000175312,0.031052
24.5762,108,0.000262968,8.7656e-05
24.5805,8,0.000482108,0.217364
24.5813,108,0.000262968,-0.00021914
24.5856,8,0.000482108,0.217364
24.5863,108,0.000262968,-0.00021914
24.5906,8,0.00043828,0.217364
24.5914,108,0.000262968,-0.000175312
24.5957,8,0.000350624,0.217364
24.5964,108,0.000262968,-8.76561e-05
24.6008,8,0.000131484,4.16097
24.6015,108,0.000262968,0.000131484
24.6058,8,0,2.98099
24.6066,108,0.000262968,0.000262968
24.6109,8,-4.3828e-05,-0.7763
24.6117,108,0.000262968,0.000306796
24.616,8,-4.3828e-05,0.217364
24.6167,108,0.000262968,0.000306796
24.621,8,-4.3828e-05,0.993664
24.6218,108,0.000262968,0.000306796
24.6261,8,0.000525936,-0.962612
24.6268,108,0.000262968,-0.000262968
24.6312,8,0.000701248,0.217364
24.6319,108,0.000262968,-0.00043828
24.6363,8,0.000569764,1.98733
24.637,108,0.000262968,-0.000306796
24.6413,8,0.000394452,0.217364
24.6421,108,0.000262968,-0.000131484
24.6464,8,0.000262968,0.217364
24.6471,108,0.000262968,0
24.6515,8,0.000175312,0.217364
24.6522,108,0.000262968,8.7656e-05
24.6565,8,0.000131484,0.993664
24.6573,108,0.000262968,0.000131484
24.6616,8,8.7656e-05,2.17364
24.6623,108,0.000262968,0.000175312
24.6667,8,4.3828e-05,0.217364
24.6674,108,0.000262968,0.00021914
24.6717,8,4.3828e-05,0.217364
24.6725,108,0.000262968,0.00021914
24.6767,8,0.000306796,0.031052
24.6775,108,0.000262968,-4.3828e-05
24.6818,8,0.000613592,-0.7763
24.6826,108,0.000262968,-0.000350624
24.6869,8,0.000569764,1.21103
24.6877,108,0.000262968,-0.000306796
24.692,8,0.00043828,0.217364
24.6928,108,0.000262968,-0.000175312
24.697,8,0.000262968,3.1673
24.6978,108,0.000262968,0
24.7021,8,0.000131484,-0.7763
24.7029,108,0.000262968,0.000131484
24.7072,8,4.3828e-05,0.217364
24.708,108,0.000262968,0.00021914
24.7123,8,4.3828e-05,0.217364
24.7131,108,0.000262968,0.00021914
24.7173,8,0,0.993664
24.7181,108,0.000262968,0.000262968
24.7223,8,0.000350624,-0.962612
24.7232,108,0.000262968,-8.76561e-05
24.7274,8,0.000525936,-0.7763
24.7283,108,0.000262968,-0.000262968
24.7325,8,0.000525936,1.21103
24.7334,108,0.000262968,-0.000262968
24.7376,8,0.000525936,0.217364
24.7384,108,0.000262968,-0.000262968
24.7426,8,0.000482108,0.217364
24.7435,108,0.000262968,-0.00021914
24.7476,8,0.000482108,0.217364
24.7485,108,0.000262968,-0.00021914
24.7527,8,0.000482108,0.217364
24.7536,108,0.000262968,-0.00021914
24.7578,8,0.000482108,0.217364
24.7587,108,0.000262968,-0.00021914
24.7629,8,0.00043828,0.217364
24.7638,108,0.000262968,-0.000175312
24.768,8,0.000394452,0.217364
24.7688,108,0.000262968,-0.000131484
24.773,8,0.000350624,-0.7763
24.7739,108,0.000262968,-8.76561e-05
24.778,8,0.000262968,-0.7763
24.779,108,0.000262968,0
24.7831,8,4.3828e-05,0.993664
24.7841,108,0.000262968,0.00021914
24.7882,8,-0.000175312,0.031052
24.7891,108,0.000262968,0.00043828
24.7933,8,0.000131484,0.031052
24.7942,108,0.000262968,0.000131484
24.7983,8,0.000262968,0.217364
24.7993,108,0.000262968,0
24.8034,8,0.000262968,1.98733
24.8044,108,0.000262968,0
24.8085,8,0.000131484,2.17364
24.8094,108,0.000262968,0.000131484
24.8136,8,-4.3828e-05,1.21103
24.8145,108,0.000262968,0.000306796
24.8186,8,0.000175312,0.031052
24.8196,108,0.000262968,8.7656e-05
24.8237,8,0.00043828,1.21103
24.8246,108,0.000262968,-0.000175312
24.8288,8,0.000394452,0.217364
24.8297,108,0.000262968,-0.000131484
24.8339,8,0.000262968,0.217364
24.8348,108,0.000262968,0
24.839,8,8.7656e-05,2.17364
24.8399,108,0.000262968,0.000175312
24.8441,8,-4.3828e-05,2.17364
24.8449,108,0.000262968,0.000306796
24.8492,8,-4.3828e-05,0.031052
24.85,108,0.000262968,0.000306796
24.8542,8,0.000175312,0.031052
24.8551,108,0.000262968,8.7656e-05
24.8593,8,0.000350624,0.217364
24.8601,108,0.000262968,-8.76561e-05
24.8644,8,0.000131484,0.217364
24.8652,108,0.000262968,0.000131484
24.8695,8,8.7656e-05,0.993664
24.8703,108,0.000262968,0.000175312
24.8746,8,0.000613592,-0.7763
24.8754,108,0.000262968,-0.000350624
24.8797,8,0.000613592,0.217364
24.8804,108,0.000262968,-0.000350624
24.8848,8,0.000482108,1.98733
24.8855,108,0.000262968,-0.00021914
24.8899,8,0.00021914,1.98733
24.8906,108,0.000262968,4.3828e-05
24.895,8,8.7656e-05,2.17364
24.8956,108,0.000262968,0.000175312
24.9,8,0,1.98733
24.9007,108,0.000262968,0.000262968
24.9051,8,0.000131484,0.031052
24.9058,108,0.000262968,0.000131484
24.9102,8,0.000394452,0.217364
24.9108,108,0.000262968,-0.000131484
24.9153,8,0.000394452,-1.76996
24.9159,108,0.000262968,-0.000131484
24.9204,8,0.000350624,-0.7763
24.921,108,0.000262968,-8.76561e-05
24.9255,8,0.000175312,2.17364
24.9261,108,0.000262968,8.7656e-05
24.9306,8,0,2.17364
24.9311,108,0.000262968,0.000262968
24.9357,8,4.3828e-05,0.217364
24.9362,108,0.000262968,0.00021914
24.9408,8,4.3828e-05,1.98733
24.9413,108,0.000262968,0.00021914
24.9459,8,0.000262968,-0.962612
24.9464,108,0.000262968,0
24.9509,8,0.000569764,0.217364
24.9515,108,0.000262968,-0.000306796
24.956,8,0.000569764,-0.7763
24.9565,108,0.000262968,-0.000306796
24.9611,8,0.000569764,0.217364
24.9616,108,0.000262968,-0.000306796
24.9662,8,0.000569764,2.98099
24.9667,108,0.000262968,-0.000306796
24.9713,8,0.000525936,0.217364
24.9717,108,0.000262968,-0.000262968
24.9764,8,0.000525936,1.21103
24.9768,108,0.000262968,-0.000262968
24.9815,8,0.000482108,-0.7763
24.9818,108,0.000262968,-0.00021914
24.9865,8,0.00043828,0.217364
24.9869,108,0.000262968,-0.000175312
24.9915,8,0.000394452,1.21103
24.992,108,0.000262968,-0.000131484
24.9966,8,0.000394452,0.217364
24.9971,108,0.000262968,-0.000131484
25.0017,8,0.000350624,0.217364
25.0022,108,0.000262968,-8.76561e-05
25.0067,8,0.000350624,0.217364
25.0072,108,0.000262968,-8.76561e-05
25.0118,8,0.000306796,0.217364
25.0123,108,0.000262968,-4.3828e-05
25.0169,8,0.000306796,-0.7763
25.0174,108,0.000262968,-4.3828e-05
25.022,8,0.000262968,0.217364
25.0225,108,0.000262968,0
25.027,8,0.00021914,0.217364
25.0275,108,0.000262968,4.3828e-05
25.0321,8,0.000131484,0.217364
25.0326,108,0.000262968,0.000131484
25.0372,8,0,-0.7763
25.0376,108,0.000262968,0.000262968
25.0422,8,-0.000175312,0.217364
25.0427,108,0.000262968,0.00043828
25.0473,8,-0.00021914,0.993664
25.0478,108,0.000262968,0.000482108
25.0524,8,0.000262968,0.031052
25.0529,108,0.000262968,0
25.0574,8,0.000350624,0.217364
25.0579,108,0.000262968,-8.76561e-05
25.0625,8,0.000306796,-0.7763
25.063,108,0.000262968,-4.3828e-05
25.0676,8,0.000131484,2.17364
25.0681,108,0.000262968,0.000131484
25.0726,8,8.7656e-05,-0.7763
25.0732,108,0.000262968,0.000175312
25.0777,8,4.3828e-05,0.217364
25.0783,108,0.000262968,0.00021914
25.0828,8,0,0.217364
25.0833,108,0.000262968,0.000262968
25.0879,8,0,1.98733
25.0884,108,0.000262968,0.000262968
25.093,8,0,1.21103
25.0935,108,0.000262968,0.000262968
25.0981,8,0,1.98733
25.0985,108,0.000262968,0.000262968
25.1032,8,0.000394452,0.031052
25.1036,108,0.000262968,-0.000131484
25.1082,8,0.000525936,0.217364
25.1087,108,0.000262968,-0.000262968
25.1133,8,0.000262968,2.17364
25.1137,108,0.000262968,0
25.1184,8,0.000306796,0.031052
25.1188,108,0.000262968,-4.3828e-05
25.1235,8,0.000701248,-1.76996
25.1239,108,0.000262968,-0.00043828
25.1286,8,0.000745076,0.217364
25.129,108,0.000262968,-0.000482108
25.1337,8,0.00065742,0.217364
25.134,108,0.000262968,-0.000394452
25.1388,8,0.00065742,1.21103
25.1391,108,0.000262968,-0.000394452
25.1439,8,0.000569764,0.217364
25.1442,108,0.000262968,-0.000306796
25.1489,8,0.000525936,0.217364
25.1493,108,0.000262968,-0.000262968
25.154,8,0.000482108,0.217364
25.1543,108,0.000262968,-0.00021914
25.1591,8,0.00043828,-0.7763
25.1594,108,0.000262968,-0.000175312
25.1642,8,0.000262968,0.217364
25.1645,108,0.000262968,0
25.1693,8,0,-0.7763
25.1695,108,0.000262968,0.000262968
25.1744,8,-0.000175312,1.21103
25.1746,108,0.000262968,0.00043828
25.1795,8,-0.00021914,1.21103
25.1797,108,0.000262968,0.000482108
25.1846,8,-0.00021914,-0.7763
25.1847,108,0.000262968,0.000482108
25.1896,8,-8.7656e-05,0.993664
25.1898,108,0.000262968,0.000350624
25.1947,8,0.000306796,1.21103
25.1949,108,0.000262968,-4.3828e-05
25.1998,8,0.000350624,-1.76996
25.1999,108,0.000262968,-8.76561e-05
25.2048,8,0.000175312,2.17364
25.205,108,0.000262968,8.7656e-05
25.2098,8,4.3828e-05,0.993664
25.2101,108,0.000262968,0.00021914
25.2149,8,0.000262968,1.21103
25.2152,108,0.000262968,0
25.22,8,0.00021914,3.97466
25.2203,108,0.000262968,4.3828e-05
25.2251,8,4.3828e-05,1.98733
25.2253,108,0.000262968,0.00021914
25.2301,8,0.000394452,0.031052
25.2304,108,0.000262968,-0.000131484
25.2352,8,0.000569764,0.217364
25.2355,108,0.000262968,-0.000306796
25.2403,8,0.000569764,0.217364
25.2405,108,0.000262968,-0.000306796
25.2454,8,0.000569764,0.217364
25.2456,108,0.000262968,-0.000306796
25.2505,8,0.000569764,-0.7763
25.2507,108,0.000262968,-0.000306796
25.2556,8,0.000525936,0.217364
25.2558,108,0.000262968,-0.000262968
25.2607,8,0.000525936,0.217364
25.2608,108,0.000262968,-0.000262968
25.2658,8,0.000525936,0.217364
25.2659,108,0.000262968,-0.000262968
25.2709,8,0.000482108,1.21103
25.271,108,0.000262968,-0.00021914
25.276,8,0.000394452,-0.7763
25.2761,108,0.000262968,-0.000131484
25.281,8,0.000350624,-0.7763
25.2812,108,0.000262968,-8.76561e-05
25.2861,8,0.00021914,1.98733
25.2862,108,0.000262968,4.3828e-05
25.2912,8,0,-0.7763
25.2913,108,0.000262968,0.000262968
25.2963,8,-0.000175312,1.21103
25.2964,108,0.000262968,0.00043828
25.3014,8,-0.00021914,2.17364
25.3015,108,0.000262968,0.000482108
25.3065,8,-0.00021914,1.98733
25.3066,108,0.000262968,0.000482108
25.3116,8,-8.7656e-05,0.993664
25.3117,108,0.000262968,0.000350624
25.3167,8,0.000306796,0.217364
25.3167,108,0.000262968,-4.3828e-05
25.3218,8,0.000306796,-0.7763
25.3218,108,0.000262968,-4.3828e-05
25.3269,8,8.7656e-05,2.17364
25.3269,108,0.000262968,-4.3828e-05
25.3319,108,0.000262968,0.000175312
25.3319,8,0.000306796,0.031052
25.337,108,0.000262968,-4.3828e-05
25.337,8,0.000745076,-1.76996
25.3421,108,0.000262968,-0.000482108
25.3421,8,0.000701248,-0.7763
25.3472,108,0.000262968,-0.00043828
25.3472,8,0.000525936,0.217364
25.3522,108,0.000262968,-0.000262968
25.3523,8,0.000525936,0.217364
25.3573,108,0.000262968,-0.000262968
25.3574,8,0.000394452,-0.7763
25.3624,108,0.000262968,-0.000131484
25.3674,108,0.000262968,-0.000131484
25.3725,108,0.000262968,-0.000131484
25.3775,108,0.000262968,-0.000131484
25.3826,108,0.000262968,-0.000131484
25.3877,108,0.000262968,-0.000131484
25.3927,108,0.000262968,-0.000131484
25.3978,108,0.000262968,-0.000131484
25.4029,108,0.000262968,-0.000131484
25.408,108,0.000262968,-0.000131484
25.413,108,0.000262968,-0.000131484
25.4181,108,0.000262968,-0.000131484
25.4232,108,0.000262968,-0.000131484
25.4282,108,0.000262968,-0.000131484
25.4333,108,0.000262968,-0.000131484
25.4384,108,0.000262968,-0.000131484
25.4435,108,0.000262968,-0.000131484
25.4485,108,0.000262968,-0.000131484
25.4536,108,0.000262968,-0.000131484
25.4587,108,0.000262968,-0.000131484
25.4638,108,0.000262968,-0.000131484
25.4689,108,0.000262968,-0.000131484
25.4739,108,0.000262968,-0.000131484
25.479,108,0.000262968,-0.000131484
25.4841,108,0.000262968,-0.000131484
25.4892,108,0.000262968,-0.000131484
25.4942,108,0.000262968,-0.000131484
25.4993,108,0.000262968,-0.000131484
25.5044,108,0.000262968,-0.000131484
25.5095,108,0.000262968,-0.000131484
25.5145,108,0.000262968,-0.000131484
25.5196,108,0.000262968,-0.000131484
25.5247,108,0.000262968,-0.000131484
25.5297,108,0.000262968,-0.000131484
25.5348,108,0.000262968,-0.000131484
25.5399,108,0.000262968,-0.000131484
25.545,108,0.000262968,-0.000131484
25.55,108,0.000262968,-0.000131484
25.5551,108,0.000262968,-0.000131484
25.5602,108,0.000262968,-0.000131484
25.5653,108,0.000262968,-0.000131484
25.5703,108,0.000262968,-0.000131484
25.5754,108,0.000262968,-0.000131484
25.5805,108,0.000262968,-0.000131484
25.5855,108,0.000262968,-0.000131484
25.5906,108,0.000262968,-0.000131484
25.5957,108,0.000262968,-0.000131484
25.6007,108,0.000262968,-0.000131484
25.6058,108,0.000262968,-0.000131484
25.6109,108,0.000262968,-0.000131484
25.616,108,0.000262968,-0.000131484
25.6211,108,0.000262968,-0.000131484
25.6262,108,0.000262968,-0.000131484
25.6313,108,0.000262968,-0.000131484
25.6364,108,0.000262968,-0.000131484
25.6414,108,0.000262968,-0.000131484
25.6465,108,0.000262968,-0.000131484
25.6516,108,0.000262968,-0.000131484
25.6566,108,0.000262968,-0.000131484
25.6617,108,0.000262968,-0.000131484
25.6668,108,0.000262968,-0.000131484
25.6719,108,0.000262968,-0.000131484
25.6769,108,0.000262968,-0.000131484
25.682,108,0.000262968,-0.000131484
25.6871,108,0.000262968,-0.000131484
25.6922,108,0.000262968,-0.000131484
25.6972,108,0.000262968,-0.000131484
25.7023,108,0.000262968,-0.000131484
25.7074,108,0.000262968,-0.000131484
25.7124,108,0.000262968,-0.000131484
25.7175,108,0.000262968,-0.000131484
25.7226,108,0.000262968,-0.000131484
25.7277,108,0.000262968,-0.000131484
25.7328,108,0.000262968,-0.000131484
25.7378,108,0.000262968,-0.000131484
25.7429,108,0.000262968,-0.000131484
25.748,108,0.000262968,-0.000131484
25.7531,108,0.000262968,-0.000131484
25.7582,108,0.000262968,-0.000131484
25.7632,108,0.000262968,-0.000131484
25.7683,108,0.000262968,-0.000131484
25.7734,108,0.000262968,-0.000131484
25.7785,108,0.000262968,-0.000131484
25.7836,108,0.000262968,-0.000131484
25.7886,108,0.000262968,-0.000131484
25.7937,108,0.000262968,-0.000131484
25.7988,108,0.000262968,-0.000131484
25.8038,108,0.000262968,-0.000131484
25.8089,108,0.000262968,-0.000131484
25.814,108,0.000262968,-0.000131484
25.8191,108,0.000262968,-0.000131484
25.8242,108,0.000262968,-0.000131484
25.8292,108,0.000262968,-0.000131484
25.8343,108,0.000262968,-0.000131484
25.8394,108,0.000262968,-0.000131484
25.8444,108,0.000262968,-0.000131484
25.8495,108,0.000262968,-0.000131484
25.8546,108,0.000262968,-0.000131484
25.8597,108,0.000262968,-0.000131484
25.8647,108,0.000262968,-0.000131484
25.8698,108,0.000262968,-0.000131484
25.8748,108,0.000262968,-0.000131484
25.8799,108,0.000262968,-0.000131484
25.885,108,0.000262968,-0.000131484
25.8901,108,0.000262968,-0.000131484
25.8951,108,0.000262968,-0.000131484
25.9002,108,0.000262968,-0.000131484
25.9053,108,0.000262968,-0.000131484
25.9104,108,0.000262968,-0.000131484
25.9155,108,0.000262968,-0.000131484
25.9205,108,0.000262968,-0.000131484
25.9256,108,0.000262968,-0.000131484
25.9306,108,0.000262968,-0.000131484
25.9356,108,0.000262968,-0.000131484
25.9407,108,0.000262968,-0.000131484
25.9458,108,0.000262968,-0.000131484
25.9509,108,0.000262968,-0.000131484
25.9559,108,0.000262968,-0.000131484
25.961,108,0.000262968,-0.000131484
25.9661,108,0.000262968,-0.000131484
25.9711,108,0.000262968,-0.000131484
25.9762,108,0.000262968,-0.000131484
25.9813,108,0.000262968,-0.000131484
25.9864,108,0.000262968,-0.000131484
25.9915,108,0.000262968,-0.000131484
25.9965,108,0.000262968,-0.000131484
26.0015,108,0.000262968,-0.000131484
26.0066,108,0.000262968,-0.000131484
26.0117,108,0.000262968,-0.000131484
26.0168,108,0.000262968,-0.000131484
26.0218,108,0.000262968,-0.000131484
26.0269,108,0.000262968,-0.000131484
26.032,108,0.000262968,-0.000131484
26.0371,108,0.000262968,-0.000131484
26.0421,108,0.000262968,-0.000131484
26.0472,108,0.000262968,-0.000131484
26.0523,108,0.000262968,-0.000131484
26.0574,108,0.000262968,-0.000131484
26.0625,108,0.000262968,-0.000131484
26.0675,108,0.000262968,-0.000131484
26.0726,108,0.000262968,-0.000131484
26.0777,108,0.000262968,-0.000131484
26.0827,108,0.000262968,-0.000131484
26.0878,108,0.000262968,-0.000131484
26.0928,108,0.000262968,-0.000131484
26.0979,108,0.000262968,-0.000131484
26.103,108,0.000262968,-0.000131484
26.1081,108,0.000262968,-0.000131484
26.1131,108,0.000262968,-0.000131484
26.1182,108,0.000262968,-0.000131484
26.1233,108,0.000262968,-0.000131484
26.1284,108,0.000262968,-0.000131484
26.1335,108,0.000262968,-0.000131484
26.1385,108,0.000262968,-0.000131484
26.1436,108,0.000262968,-0.000131484
26.1486,108,0.000262968,-0.000131484
26.1537,108,0.000262968,-0.000131484
26.1588,108,0.000262968,-0.000131484
26.1639,108,0.000262968,-0.000131484
26.169,108,0.000262968,-0.000131484
26.174,108,0.000262968,-0.000131484
26.1791,108,0.000262968,-0.000131484
26.1842,108,0.000262968,-0.000131484
26.1893,108,0.000262968,-0.000131484
26.1943,108,0.000262968,-0.000131484
26.1994,108,0.000262968,-0.000131484
26.2045,108,0.000262968,-0.000131484
26.2095,108,0.000262968,-0.000131484
26.2146,108,0.000262968,-0.000131484
26.2197,108,0.000262968,-0.000131484
26.2247,108,0.000262968,-0.000131484
26.2298,108,0.000262968,-0.000131484
26.2349,108,0.000262968,-0.000131484
26.24,108,0.000262968,-0.000131484
26.2451,108,0.000262968,-0.000131484
26.2501,108,0.000262968,-0.000131484
26.2552,108,0.000262968,-0.000131484
26.2603,108,0.000262968,-0.000131484
26.2654,108,0.000262968,-0.000131484
26.2704,108,0.000262968,-0.000131484
26.2755,108,0.000262968,-0.000131484
26.2805,108,0.000262968,-0.000131484
26.2856,108,0.000262968,-0.000131484
26.2907,108,0.000262968,-0.000131484
26.2958,108,0.000262968,-0.000131484
26.3008,108,0.000262968,-0.000131484
26.3059,108,0.000262968,-0.000131484
26.311,108,0.000262968,-0.000131484
26.3161,108,0.000262968,-0.000131484
26.3211,108,0.000262968,-0.000131484
26.3262,108,0.000262968,-0.000131484
26.3313,108,0.000262968,-0.000131484
26.3364,108,0.000262968,-0.000131484
26.3414,108,0.000262968,-0.000131484
26.3465,108,0.000262968,-0.000131484
26.3516,108,0.000262968,-0.000131484
26.3566,108,0.000262968,-0.000131484
26.3617,108,0.000262968,-0.000131484
26.3668,108,0.000262968,-0.000131484
26.3719,108,0.000262968,-0.000131484
26.3769,108,0.000262968,-0.000131484
26.382,108,0.000262968,-0.000131484
26.3871,108,0.000262968,-0.000131484
26.3921,108,0.000262968,-0.000131484
26.3972,108,0.000262968,-0.000131484
26.4023,108,0.000262968,-0.000131484
26.4074,108,0.000262968,-0.000131484
26.4124,108,0.000262968,-0.000131484
26.4175,108,0.000262968,-0.000131484
26.4226,108,0.000262968,-0.000131484
26.4277,108,0.000262968,-0.000131484
26.4327,108,0.000262968,-0.000131484
26.4378,108,0.000262968,-0.000131484
26.4429,108,0.000262968,-0.000131484
26.4479,108,0.000262968,-0.000131484
26.453,108,0.000262968,-0.000131484
26.4581,108,0.000262968,-0.000131484
26.4632,108,0.000262968,-0.000131484
26.4682,108,0.000262968,-0.000131484
26.4733,108,0.000262968,-0.000131484
26.4784,108,0.000262968,-0.000131484
26.4835,108,0.000262968,-0.000131484
26.4885,108,0.000262968,-0.000131484
26.4936,108,0.000262968,-0.000131484
26.4987,108,0.000262968,-0.000131484
26.5037,108,0.000262968,-0.000131484
26.5088,108,0.000262968,-0.000131484
26.5139,108,0.000262968,-0.000131484
26.5189,108,0.000262968,-0.000131484
26.524,108,0.000262968,-0.000131484
26.5291,108,0.000262968,-0.000131484
26.5342,108,0.000262968,-0.000131484
26.5393,108,0.000262968,-0.000131484
26.5443,108,0.000262968,-0.000131484
26.5494,108,0.000262968,-0.000131484
26.5545,108,0.000262968,-0.000131484
26.5596,108,0.000262968,-0.000131484
26.5646,108,0.000262968,-0.000131484
26.5697,108,0.000262968,-0.000131484
26.5748,108,0.000262968,-0.000131484
26.5798,108,0.000262968,-0.000131484
26.5849,108,0.000262968,-0.000131484
26.59,108,0.000262968,-0.000131484
26.5951,108,0.000262968,-0.000131484
26.6002,108,0.000262968,-0.000131484
26.6052,108,0.000262968,-0.000131484
26.6069,8,8.7656e-05,1.98733
26.6103,108,0.000262968,0.000175312
26.6154,108,0.000262968,0.000175312
26.6204,108,0.000262968,0.000175312
26.6222,8,0.00043828,-0.7763
26.6255,108,0.000262968,-0.000175312
26.6273,8,0.000350624,0.217364
26.6306,108,0.000262968,-8.76561e-05
26.6323,8,0.000175312,1.98733
26.6357,108,0.000262968,8.7656e-05
26.6374,8,0.000131484,0.993664
26.6407,108,0.000262968,0.000131484
26.6425,8,0.000613592,0.031052
26.6458,108,0.000262968,-0.000350624
26.6476,8,0.00065742,0.217364
26.6509,108,0.000262968,-0.000394452
26.6527,8,0.000569764,0.217364
26.6559,108,0.000262968,-0.000306796
26.6578,8,0.000482108,-0.7763
26.661,108,0.000262968,-0.00021914
26.6629,8,0.000306796,-0.7763
26.6661,108,0.000262968,-4.3828e-05
26.668,8,0,2.17364
26.6711,108,0.000262968,0.000262968
26.6731,8,-4.3828e-05,0.217364
26.6762,108,0.000262968,0.000306796
26.6781,8,0.000131484,0.031052
26.6813,108,0.000262968,0.000131484
26.6832,8,0.000482108,-0.7763
26.6864,108,0.000262968,-0.00021914
26.6883,8,0.000525936,0.217364
26.6915,108,0.000262968,-0.000262968
26.6934,8,0.000482108,1.21103
26.6965,108,0.000262968,-0.00021914
26.6985,8,0.000350624,1.21103
26.7016,108,0.000262968,-8.76561e-05
26.7036,8,0.000131484,0.217364
26.7067,108,0.000262968,0.000131484
26.7087,8,-4.3828e-05,4.16097
26.7117,108,0.000262968,0.000306796
26.7138,8,-8.7656e-05,3.97466
26.7168,108,0.000262968,0.000350624
26.7188,8,-8.7656e-05,1.98733
26.7219,108,0.000262968,0.000350624
26.7239,8,-8.7656e-05,1.98733
26.727,108,0.000262968,0.000350624
26.729,8,0.000306796,0.031052
26.732,108,0.000262968,-4.3828e-05
26.7341,8,0.000525936,-0.7763
26.7371,108,0.000262968,-0.000262968
26.7391,8,0.000525936,0.217364
26.7422,108,0.000262968,-0.000262968
26.7442,8,0.000525936,-0.7763
26.7473,108,0.000262968,-0.000262968
26.7493,8,0.00043828,0.993664
26.7524,108,0.000262968,-0.000175312
26.7544,8,0.000350624,2.17364
26.7574,108,0.000262968,-8.76561e-05
26.7595,8,0.00021914,0.217364
26.7625,108,0.000262968,4.3828e-05
26.7646,8,8.7656e-05,0.217364
26.7676,108,0.000262968,0.000175312
26.7697,8,0,2.17364
26.7726,108,0.000262968,0.000262968
26.7748,8,-4.3828e-05,1.98733
26.7777,108,0.000262968,0.000306796
26.7799,8,-4.3828e-05,0.993664
26.7828,108,0.000262968,0.000306796
26.7849,8,0.000262968,0.031052
26.7879,108,0.000262968,0
26.79,8,0.000525936,0.217364
26.7929,108,0.000262968,-0.000262968
26.7951,8,0.000482108,0.217364
26.798,108,0.000262968,-0.00021914
26.8002,8,0.000306796,0.217364
26.8031,108,0.000262968,-4.3828e-05
26.8053,8,0.00021914,1.98733
26.8082,108,0.000262968,4.3828e-05
26.8104,8,8.7656e-05,2.17364
26.8133,108,0.000262968,0.000175312
26.8155,8,4.3828e-05,1.98733
26.8183,108,0.000262968,0.00021914
26.8206,8,4.3828e-05,1.21103
26.8234,108,0.000262968,0.00021914
26.8256,8,4.3828e-05,1.98733
26.8285,108,0.000262968,0.00021914
26.8307,8,4.3828e-05,2.17364
26.8335,108,0.000262968,0.00021914
26.8357,8,0.000175312,0.031052
26.8386,108,0.000262968,8.7656e-05
26.8408,8,0.000745076,-0.7763
26.8437,108,0.000262968,-0.000482108
26.8459,8,0.000788904,-0.7763
26.8487,108,0.000262968,-0.000525936
26.851,8,0.000525936,1.98733
26.8538,108,0.000262968,-0.000262968
26.8561,8,0.000306796,1.98733
26.8589,108,0.000262968,-4.3828e-05
26.8612,8,0.000175312,0.217364
26.8639,108,0.000262968,8.7656e-05
26.8663,8,0.000175312,1.98733
26.869,108,0.000262968,8.7656e-05
26.8714,8,8.7656e-05,0.217364
26.8741,108,0.000262968,0.000175312
26.8765,8,8.7656e-05,2.17364
26.8792,108,0.000262968,0.000175312
26.8816,8,8.7656e-05,1.98733
26.8842,108,0.000262968,0.000175312
26.8866,8,8.7656e-05,4.16097
26.8893,108,0.000262968,0.000175312
26.8917,8,4.3828e-05,1.98733
26.8944,108,0.000262968,0.00021914
26.8968,8,0.000175312,0.993664
26.8995,108,0.000262968,8.7656e-05
26.9019,8,0.00065742,-0.7763
26.9045,108,0.000262968,-0.000394452
26.9069,8,0.000525936,0.217364
26.9096,108,0.000262968,-0.000262968
26.912,8,0.000394452,0.217364
26.9147,108,0.000262968,-0.000131484
26.9171,8,0.000262968,0.217364
26.9197,108,0.000262968,0
26.9222,8,0.000175312,0.217364
26.9248,108,0.000262968,8.7656e-05
26.9273,8,8.7656e-05,1.98733
26.9298,108,0.000262968,0.000175312
26.9324,8,0.000131484,0.993664
26.9349,108,0.000262968,0.000131484
26.9375,8,0.000613592,0.217364
26.94,108,0.000262968,-0.000350624
26.9425,8,0.000482108,1.21103
26.9451,108,0.000262968,-0.00021914
26.9476,8,0.000350624,-0.7763
26.9501,108,0.000262968,-8.76561e-05
26.9527,8,0.00021914,0.217364
26.9552,108,0.000262968,4.3828e-05
26.9578,8,0.000131484,-0.7763
26.9602,108,0.000262968,0.000131484
26.9628,8,8.7656e-05,2.17364
26.9653,108,0.000262968,0.000175312
26.9679,8,8.7656e-05,0.217364
26.9704,108,0.000262968,0.000175312
26.973,8,0.00021914,0.031052
26.9755,108,0.000262968,4.3828e-05
26.978,8,0.000569764,0.217364
26.9805,108,0.000262968,-0.000306796
26.9831,8,0.000569764,0.217364
26.9856,108,0.000262968,-0.000306796
26.9881,8,0.00043828,2.17364
26.9907,108,0.000262968,-0.000175312
26.9931,8,0.000394452,0.217364
26.9958,108,0.000262968,-0.000131484
26.9982,8,0.00021914,0.993664
27.0008,108,0.000262968,4.3828e-05
27.0033,8,4.3828e-05,3.97466
27.0059,108,0.000262968,0.00021914
27.0084,8,0,1.98733
27.011,108,0.000262968,0.000262968
27.0135,8,0,1.98733
27.016,108,0.000262968,0.000262968
27.0186,8,0,1.98733
27.0211,108,0.000262968,0.000262968
27.0237,8,-4.3828e-05,0.217364
27.0262,108,0.000262968,0.000306796
27.0288,8,0.000306796,0.031052
27.0312,108,0.000262968,-4.3828e-05
27.0339,8,0.000701248,-0.7763
27.0363,108,0.000262968,-0.00043828
27.039,8,0.000525936,0.217364
27.0414,108,0.000262968,-0.000262968
27.044,8,0.000306796,2.17364
27.0465,108,0.000262968,-4.3828e-05
27.049,8,0.000175312,0.217364
27.0515,108,0.000262968,8.7656e-05
27.0541,8,0.000131484,-0.7763
27.0566,108,0.000262968,0.000131484
27.0592,8,4.3828e-05,1.98733
27.0617,108,0.000262968,0.00021914
27.0643,8,4.3828e-05,0.993664
27.0667,108,0.000262968,0.00021914
27.0694,8,4.3828e-05,0.217364
27.0718,108,0.000262968,0.00021914
27.0745,8,4.3828e-05,1.98733
27.0769,108,0.000262968,0.00021914
27.0796,8,0.000482108,0.031052
27.082,108,0.000262968,-0.00021914
27.0847,8,0.000701248,0.217364
27.0871,108,0.000262968,-0.00043828
27.0898,8,0.000525936,1.21103
27.0921,108,0.000262968,-0.000262968
27.0949,8,0.000350624,-0.7763
27.0972,108,0.000262968,-8.76561e-05
27.0999,8,0.00021914,0.217364
27.1023,108,0.000262968,4.3828e-05
27.105,8,8.7656e-05,0.993664
27.1074,108,0.000262968,0.000175312
27.1101,8,8.7656e-05,2.17364
27.1124,108,0.000262968,0.000175312
27.1152,8,8.7656e-05,2.17364
27.1175,108,0.000262968,0.000175312
27.1203,8,8.7656e-05,0.217364
27.1226,108,0.000262968,0.000175312
27.1254,8,0.00021914,0.993664
27.1276,108,0.000262968,4.3828e-05
27.1305,8,0.000525936,-0.7763
27.1327,108,0.000262968,-0.000262968
27.1356,8,0.000482108,0.217364
27.1377,108,0.000262968,-0.00021914
27.1406,8,0.000306796,0.217364
27.1428,108,0.000262968,-4.3828e-05
27.1457,8,0.000175312,2.17364
27.1479,108,0.000262968,8.7656e-05
27.1508,8,8.7656e-05,4.16097
27.153,108,0.000262968,0.000175312
27.1559,8,8.7656e-05,-0.7763
27.1581,108,0.000262968,0.000175312
27.1609,8,4.3828e-05,1.98733
