0x007,0x001,0x002,0x003,0x004,0x005,0x006,0x007,0x008
0.00000,1.57079,1.57079,0.78540,1.30899,-0.78540,-1.30899,0.00000,0.00000,
0.00000,1.57079,1.57079,0.78540,1.30899,-0.78540,-1.30899,0.00000,0.00000,
-0.00001,1.57080,1.57078,0.78539,1.30900,-0.78535,-1.30902,0.00001,0.00001,
-0.00009,1.57089,1.57072,0.78538,1.30909,-0.78501,-1.30920,0.00006,0.00006,
-0.00031,1.57111,1.57055,0.78533,1.30931,-0.78413,-1.30968,0.00020,0.00020,
-0.00071,1.57154,1.57023,0.78525,1.30972,-0.78246,-1.31058,0.00047,0.00047,
-0.00135,1.57221,1.56972,0.78512,1.31038,-0.77982,-1.31201,0.00089,0.00089,
-0.00228,1.57319,1.56899,0.78492,1.31132,-0.77601,-1.31406,0.00149,0.00149,
-0.00353,1.57452,1.56800,0.78467,1.31259,-0.77090,-1.31683,0.00231,0.00231,
-0.00514,1.57622,1.56672,0.78433,1.31422,-0.76434,-1.32038,0.00335,0.00335,
-0.00715,1.57834,1.56513,0.78392,1.31623,-0.75623,-1.32476,0.00464,0.00464,
-0.00957,1.58090,1.56321,0.78342,1.31865,-0.74649,-1.33002,0.00619,0.00619,
-0.01243,1.58391,1.56095,0.78283,1.32149,-0.73507,-1.33619,0.00801,0.00801,
-0.01574,1.58741,1.55833,0.78214,1.32475,-0.72192,-1.34330,0.01011,0.01011,
-0.01951,1.59139,1.55535,0.78136,1.32845,-0.70701,-1.35136,0.01248,0.01248,
-0.02376,1.59588,1.55198,0.78049,1.33259,-0.69035,-1.36037,0.01514,0.01514,
-0.02848,1.60086,1.54825,0.77951,1.33716,-0.67195,-1.37032,0.01807,0.01807,
-0.03367,1.60635,1.54413,0.77844,1.34215,-0.65183,-1.38119,0.02127,0.02127,
-0.03934,1.61233,1.53965,0.77726,1.34756,-0.63005,-1.39296,0.02474,0.02474,
-0.04548,1.61881,1.53479,0.77600,1.35336,-0.60666,-1.40560,0.02846,0.02846,
-0.05207,1.62577,1.52957,0.77463,1.35955,-0.58174,-1.41907,0.03243,0.03243,
-0.05911,1.63320,1.52400,0.77318,1.36610,-0.55538,-1.43332,0.03663,0.03663,
-0.06657,1.64109,1.51809,0.77164,1.37298,-0.52766,-1.44831,0.04104,0.04104,
-0.07445,1.64941,1.51186,0.77001,1.38017,-0.49869,-1.46397,0.04566,0.04566,
-0.08272,1.65814,1.50531,0.76830,1.38764,-0.46859,-1.48023,0.05045,0.05045,
-0.09136,1.66727,1.49847,0.76651,1.39536,-0.43749,-1.49705,0.05540,0.05540,
-0.10035,1.67676,1.49135,0.76466,1.40330,-0.40551,-1.51433,0.06050,0.06050,
-0.10967,1.68659,1.48398,0.76273,1.41142,-0.37279,-1.53202,0.06571,0.06571,
-0.11928,1.69674,1.47637,0.76074,1.41970,-0.33947,-1.55003,0.07101,0.07101,
-0.12916,1.70717,1.46855,0.75870,1.42808,-0.30571,-1.56828,0.07639,0.07639,
-0.13928,1.71786,1.46054,0.75661,1.43654,-0.27163,-1.58670,0.08182,0.08182,
-0.14961,1.72877,1.45236,0.75448,1.44503,-0.23741,-1.60520,0.08727,0.08727,
-0.16012,1.73987,1.44404,0.75230,1.45353,-0.20319,-1.62370,0.09272,0.09272,
-0.17079,1.75113,1.43560,0.75010,1.46199,-0.16911,-1.64211,0.09814,0.09814,
-0.18157,1.76252,1.42706,0.74787,1.47037,-0.13535,-1.66037,0.10352,0.10352,
-0.19245,1.77400,1.41845,0.74562,1.47864,-0.10203,-1.67837,0.10883,0.10883,
-0.20338,1.78555,1.40980,0.74336,1.48677,-0.06931,-1.69606,0.11404,0.11404,
-0.21434,1.79712,1.40112,0.74110,1.49471,-0.03733,-1.71335,0.11913,0.11913,
-0.22531,1.80870,1.39244,0.73883,1.50243,-0.00623,-1.73016,0.12408,0.12408,
-0.23624,1.82025,1.38379,0.73657,1.50990,0.02387,-1.74643,0.12888,0.12888,
-0.24712,1.83173,1.37517,0.73432,1.51709,0.05284,-1.76208,0.13349,0.13349,
-0.25792,1.84313,1.36663,0.73209,1.52397,0.08056,-1.77707,0.13790,0.13790,
-0.26860,1.85442,1.35817,0.72988,1.53052,0.10692,-1.79132,0.14210,0.14210,
-0.27916,1.86557,1.34981,0.72770,1.53671,0.13184,-1.80479,0.14607,0.14607,
-0.28957,1.87656,1.34157,0.72555,1.54251,0.15523,-1.81743,0.14979,0.14979,
-0.29980,1.88736,1.33347,0.72344,1.54792,0.17701,-1.82920,0.15326,0.15326,
-0.30985,1.89797,1.32552,0.72136,1.55291,0.19712,-1.84008,0.15647,0.15647,
-0.31969,1.90836,1.31773,0.71933,1.55748,0.21553,-1.85002,0.15940,0.15940,
-0.32932,1.91853,1.31011,0.71734,1.56162,0.23219,-1.85903,0.16205,0.16205,
-0.33872,1.92845,1.30267,0.71540,1.56532,0.24710,-1.86709,0.16442,0.16442,
-0.34788,1.93814,1.29541,0.71350,1.56858,0.26025,-1.87420,0.16652,0.16652,
-0.35682,1.94757,1.28834,0.71165,1.57142,0.27167,-1.88037,0.16834,0.16834,
-0.36552,1.95675,1.28145,0.70986,1.57384,0.28141,-1.88563,0.16989,0.16989,
-0.37398,1.96569,1.27475,0.70811,1.57585,0.28951,-1.89002,0.17118,0.17118,
-0.38223,1.97440,1.26823,0.70640,1.57748,0.29607,-1.89356,0.17222,0.17222,
-0.39026,1.98288,1.26187,0.70474,1.57875,0.30119,-1.89633,0.17304,0.17304,
-0.39810,1.99116,1.25566,0.70312,1.57969,0.30500,-1.89839,0.17364,0.17364,
-0.40576,1.99925,1.24960,0.70154,1.58035,0.30764,-1.89982,0.17407,0.17407,
-0.41327,2.00718,1.24365,0.69999,1.58076,0.30931,-1.90071,0.17433,0.17433,
-0.42066,2.01499,1.23780,0.69846,1.58098,0.31019,-1.90119,0.17447,0.17447,
-0.42797,2.02270,1.23202,0.69695,1.58107,0.31053,-1.90137,0.17453,0.17453,
-0.43523,2.03037,1.22627,0.69545,1.58108,0.31057,-1.90140,0.17453,0.17453,
-0.44251,2.03806,1.22050,0.69394,1.58111,0.31071,-1.90147,0.17455,0.17455,
-0.44980,2.04580,1.21470,0.69243,1.58111,0.31077,-1.90150,0.17452,0.17452,
-0.45710,2.05363,1.20883,0.69090,1.58104,0.31070,-1.90143,0.17440,0.17440,
-0.46443,2.06159,1.20287,0.68934,1.58089,0.31043,-1.90124,0.17416,0.17416,
-0.47179,2.06970,1.19678,0.68775,1.58062,0.30992,-1.90090,0.17376,0.17376,
-0.47919,2.07800,1.19056,0.68613,1.58021,0.30911,-1.90036,0.17317,0.17317,
-0.48663,2.08650,1.18419,0.68446,1.57965,0.30798,-1.89961,0.17238,0.17238,
-0.49411,2.09523,1.17765,0.68276,1.57892,0.30648,-1.89863,0.17135,0.17135,
-0.50163,2.10418,1.17093,0.68100,1.57801,0.30460,-1.89739,0.17008,0.17008,
-0.50920,2.11339,1.16403,0.67920,1.57690,0.30231,-1.89590,0.16854,0.16854,
-0.51682,2.12283,1.15695,0.67735,1.57559,0.29960,-1.89412,0.16674,0.16674,
-0.52449,2.13253,1.14968,0.67546,1.57407,0.29645,-1.89207,0.16465,0.16465,
-0.53220,2.14247,1.14223,0.67351,1.57233,0.29286,-1.88974,0.16229,0.16229,
-0.53996,2.15264,1.13461,0.67152,1.57038,0.28884,-1.88712,0.15965,0.15965,
-0.54776,2.16304,1.12681,0.66948,1.56821,0.28437,-1.88421,0.15673,0.15673,
-0.55561,2.17366,1.11885,0.66741,1.56583,0.27948,-1.88103,0.15353,0.15353,
-0.56349,2.18447,1.11075,0.66529,1.56323,0.27417,-1.87758,0.15007,0.15007,
-0.57141,2.19546,1.10251,0.66314,1.56042,0.26845,-1.87387,0.14635,0.14635,
-0.57935,2.20661,1.09415,0.66096,1.55741,0.26235,-1.86991,0.14238,0.14238,
-0.58732,2.21790,1.08569,0.65875,1.55421,0.25589,-1.86571,0.13818,0.13818,
-0.59532,2.22930,1.07714,0.65652,1.55082,0.24908,-1.86130,0.13377,0.13377,
-0.60333,2.24078,1.06853,0.65427,1.54725,0.24196,-1.85668,0.12915,0.12915,
-0.61135,2.25232,1.05988,0.65201,1.54352,0.23456,-1.85187,0.12435,0.12435,
-0.61937,2.26390,1.05120,0.64974,1.53963,0.22690,-1.84690,0.11940,0.11940,
-0.62740,2.27547,1.04253,0.64748,1.53561,0.21902,-1.84179,0.11430,0.11430,
-0.63541,2.28701,1.03388,0.64522,1.53145,0.21095,-1.83656,0.10908,0.10908,
-0.64342,2.29848,1.02528,0.64298,1.52718,0.20273,-1.83123,0.10377,0.10377,
-0.65140,2.30986,1.01675,0.64075,1.52281,0.19439,-1.82582,0.09838,0.09838,
-0.65936,2.32111,1.00832,0.63855,1.51836,0.18597,-1.82036,0.09295,0.09295,
-0.66728,2.33220,1.00000,0.63638,1.51384,0.17752,-1.81488,0.08749,0.08749,
-0.67517,2.34310,0.99183,0.63424,1.50926,0.16905,-1.80939,0.08203,0.08203,
-0.68301,2.35377,0.98383,0.63215,1.50465,0.16062,-1.80393,0.07659,0.07659,
-0.69080,2.36419,0.97602,0.63011,1.50001,0.15227,-1.79851,0.07120,0.07120,
-0.69854,2.37433,0.96842,0.62813,1.49537,0.14402,-1.79317,0.06588,0.06588,
-0.70621,2.38415,0.96106,0.62621,1.49074,0.13592,-1.78792,0.06066,0.06066,
-0.71382,2.39363,0.95395,0.62435,1.48613,0.12800,-1.78278,0.05555,0.05555,
-0.72135,2.40275,0.94712,0.62257,1.48156,0.12029,-1.77779,0.05059,0.05059,
-0.72880,2.41147,0.94058,0.62086,1.47704,0.11283,-1.77296,0.04578,0.04578,
-0.73618,2.41978,0.93435,0.61924,1.47259,0.10565,-1.76830,0.04116,0.04116,
-0.74346,2.42765,0.92845,0.61770,1.46822,0.09878,-1.76385,0.03673,0.03673,
-0.75066,2.43507,0.92289,0.61624,1.46394,0.09224,-1.75961,0.03252,0.03252,
-0.75776,2.44202,0.91768,0.61488,1.45976,0.08606,-1.75561,0.02855,0.02855,
-0.76477,2.44848,0.91283,0.61362,1.45570,0.08026,-1.75185,0.02481,0.02481,
-0.77169,2.45446,0.90835,0.61245,1.45176,0.07486,-1.74835,0.02133,0.02133,
-0.77850,2.45994,0.90424,0.61138,1.44794,0.06987,-1.74512,0.01812,0.01812,
-0.78522,2.46491,0.90051,0.61040,1.44427,0.06530,-1.74216,0.01518,0.01518,
-0.79184,2.46939,0.89716,0.60953,1.44073,0.06116,-1.73948,0.01252,0.01252,
-0.79836,2.47336,0.89418,0.60875,1.43734,0.05746,-1.73708,0.01014,0.01014,
-0.80478,2.47685,0.89156,0.60807,1.43409,0.05420,-1.73496,0.00804,0.00804,
-0.81111,2.47986,0.88931,0.60748,1.43099,0.05136,-1.73313,0.00621,0.00621,
-0.81735,2.48242,0.88739,0.60698,1.42804,0.04894,-1.73156,0.00466,0.00466,
-0.82350,2.48453,0.88581,0.60656,1.42522,0.04693,-1.73026,0.00336,0.00336,
-0.82957,2.48623,0.88453,0.60623,1.42254,0.04530,-1.72920,0.00232,0.00232,
-0.83557,2.48755,0.88354,0.60597,1.41998,0.04403,-1.72838,0.00150,0.00150,
-0.84150,2.48853,0.88281,0.60578,1.41754,0.04308,-1.72776,0.00089,0.00089,
-0.84737,2.48921,0.88230,0.60565,1.41521,0.04242,-1.72734,0.00047,0.00047,
-0.85319,2.48963,0.88198,0.60557,1.41296,0.04201,-1.72707,0.00020,0.00020,
-0.85897,2.48985,0.88182,0.60552,1.41078,0.04179,-1.72693,0.00006,0.00006,
-0.86472,2.48994,0.88175,0.60550,1.40865,0.04171,-1.72688,0.00001,0.00001,
-0.86472,2.48994,0.88175,0.60550,1.40865,0.04171,-1.72688,0.00001,0.00001,
-0.87045,2.48997,0.88175,0.60553,1.40656,0.04188,-1.72694,0.00005,0.00005,
-0.87608,2.48995,0.88190,0.60575,1.40458,0.04321,-1.72748,0.00043,0.00043,
-0.88152,2.48984,0.88232,0.60631,1.40282,0.04664,-1.72890,0.00143,0.00143,
-0.88671,2.48961,0.88311,0.60735,1.40134,0.05287,-1.73147,0.00328,0.00328,
-0.89161,2.48924,0.88435,0.60895,1.40018,0.06242,-1.73543,0.00610,0.00610,
-0.89617,2.48871,0.88608,0.61118,1.39939,0.07558,-1.74088,0.01000,0.01000,
-0.90037,2.48801,0.88835,0.61409,1.39896,0.09250,-1.74789,0.01502,0.01502,
-0.90420,2.48714,0.89115,0.61768,1.39889,0.11315,-1.75646,0.02114,0.02114,
-0.90767,2.48609,0.89450,0.62197,1.39916,0.13738,-1.76650,0.02833,0.02833,
-0.91078,2.48487,0.89836,0.62691,1.39974,0.16489,-1.77791,0.03650,0.03650,
-0.91356,2.48350,0.90272,0.63248,1.40058,0.19530,-1.79052,0.04553,0.04553,
-0.91603,2.48198,0.90753,0.63862,1.40163,0.22814,-1.80414,0.05528,0.05528,
-0.91823,2.48033,0.91273,0.64527,1.40283,0.26285,-1.81855,0.06558,0.06558,
-0.92019,2.47858,0.91827,0.65234,1.40411,0.29885,-1.83348,0.07628,0.07628,
-0.92197,2.47673,0.92409,0.65977,1.40541,0.33551,-1.84868,0.08716,0.08716,
-0.92359,2.47482,0.93011,0.66746,1.40666,0.37216,-1.86389,0.09805,0.09805,
-0.92512,2.47287,0.93627,0.67532,1.40778,0.40817,-1.87883,0.10874,0.10874,
-0.92659,2.47089,0.94250,0.68327,1.40872,0.44289,-1.89323,0.11906,0.11906,
-0.92805,2.46891,0.94873,0.69122,1.40940,0.47574,-1.90686,0.12881,0.12881,
-0.92954,2.46695,0.95490,0.69909,1.40977,0.50617,-1.91949,0.13785,0.13785,
-0.93111,2.46504,0.96094,0.70681,1.40979,0.53370,-1.93091,0.14603,0.14603,
-0.93278,2.46318,0.96681,0.71430,1.40941,0.55795,-1.94097,0.15323,0.15323,
-0.93459,2.46138,0.97247,0.72152,1.40860,0.57862,-1.94955,0.15937,0.15937,
-0.93656,2.45967,0.97787,0.72843,1.40736,0.59557,-1.95658,0.16441,0.16441,
-0.93870,2.45804,0.98302,0.73500,1.40568,0.60876,-1.96205,0.16833,0.16833,
-0.94100,2.45650,0.98790,0.74123,1.40359,0.61834,-1.96603,0.17117,0.17117,
-0.94348,2.45504,0.99252,0.74714,1.40111,0.62461,-1.96863,0.17304,0.17304,
-0.94609,2.45365,0.99692,0.75276,1.39832,0.62807,-1.97006,0.17407,0.17407,
-0.94882,2.45232,1.00115,0.75817,1.39529,0.62944,-1.97063,0.17447,0.17447,
-0.95161,2.45101,1.00529,0.76346,1.39213,0.62965,-1.97072,0.17453,0.17453,
-0.95439,2.44969,1.00947,0.76881,1.38897,0.63007,-1.97091,0.17465,0.17465,
-0.95722,2.44834,1.01375,0.77428,1.38559,0.62947,-1.97074,0.17442,0.17442,
-0.96017,2.44694,1.01820,0.77997,1.38178,0.62701,-1.96994,0.17355,0.17355,
-0.96325,2.44547,1.02286,0.78593,1.37742,0.62206,-1.96829,0.17184,0.17184,
-0.96650,2.44393,1.02777,0.79220,1.37242,0.61417,-1.96562,0.16913,0.16913,
-0.96991,2.44230,1.03294,0.79881,1.36671,0.60306,-1.96185,0.16532,0.16532,
-0.97348,2.44059,1.03836,0.80574,1.36029,0.58862,-1.95694,0.16037,0.16037,
-0.97721,2.43880,1.04402,0.81298,1.35317,0.57086,-1.95089,0.15429,0.15429,
-0.98107,2.43695,1.04989,0.82048,1.34540,0.54992,-1.94374,0.14713,0.14713,
-0.98503,2.43505,1.05592,0.82820,1.33704,0.52605,-1.93559,0.13898,0.13898,
-0.98907,2.43311,1.06207,0.83606,1.32819,0.49959,-1.92655,0.12994,0.12994,
-0.99314,2.43116,1.06828,0.84400,1.31896,0.47096,-1.91676,0.12016,0.12016,
-0.99721,2.42920,1.07448,0.85193,1.30947,0.44064,-1.90639,0.10981,0.10981,
-1.00123,2.42727,1.08061,0.85976,1.29986,0.40916,-1.89562,0.09907,0.09907,
-1.00515,2.42538,1.08660,0.86742,1.29026,0.37708,-1.88464,0.08812,0.08812,
-1.00893,2.42356,1.09238,0.87482,1.28082,0.34496,-1.87365,0.07716,0.07716,
-1.01254,2.42183,1.09789,0.88186,1.27167,0.31339,-1.86284,0.06638,0.06638,
-1.01592,2.42020,1.10306,0.88847,1.26295,0.28292,-1.85240,0.05599,0.05599,
-1.01904,2.41869,1.10784,0.89457,1.25479,0.25408,-1.84253,0.04615,0.04615,
-1.02187,2.41733,1.11217,0.90011,1.24731,0.22736,-1.83338,0.03703,0.03703,
-1.02438,2.41611,1.11601,0.90503,1.24059,0.20317,-1.82509,0.02878,0.02878,
-1.02655,2.41507,1.11934,0.90928,1.23471,0.18186,-1.81779,0.02151,0.02151,
-1.02838,2.41418,1.12214,0.91286,1.22973,0.16367,-1.81156,0.01531,0.01531,
-1.02986,2.41347,1.12440,0.91575,1.22567,0.14877,-1.80646,0.01023,0.01023,
-1.03099,2.41292,1.12614,0.91797,1.22253,0.13716,-1.80248,0.00627,0.00627,
-1.03180,2.41253,1.12738,0.91956,1.22026,0.12873,-1.79959,0.00339,0.00339,
-1.03233,2.41228,1.12819,0.92060,1.21878,0.12322,-1.79770,0.00151,0.00151,
-1.03262,2.41214,1.12863,0.92116,1.21797,0.12017,-1.79666,0.00047,0.00047,
-1.03273,2.41208,1.12881,0.92138,1.21765,0.11896,-1.79625,0.00006,0.00006,
-1.03273,2.41208,1.12881,0.92138,1.21765,0.11896,-1.79625,0.00006,0.00006,
-1.03276,2.41207,1.12886,0.92145,1.21763,0.11866,-1.79607,-0.00006,-0.00010,
-1.03270,2.41210,1.12876,0.92132,1.21834,0.11964,-1.79593,0.00017,-0.00011,
-1.03245,2.41222,1.12838,0.92084,1.22035,0.12294,-1.79587,0.00103,0.00014,
-1.03196,2.41245,1.12763,0.91988,1.22411,0.12937,-1.79592,0.00275,0.00075,
-1.03117,2.41283,1.12642,0.91834,1.22993,0.13948,-1.79608,0.00546,0.00177,
-1.03005,2.41337,1.12472,0.91616,1.23799,0.15360,-1.79638,0.00927,0.00326,
-1.02857,2.41408,1.12248,0.91329,1.24840,0.17190,-1.79681,0.01421,0.00524,
-1.02674,2.41496,1.11969,0.90972,1.26113,0.19436,-1.79738,0.02028,0.00771,
-1.02455,2.41601,1.11635,0.90546,1.27608,0.22078,-1.79808,0.02744,0.01065,
-1.02201,2.41723,1.11249,0.90052,1.29308,0.25087,-1.79891,0.03559,0.01405,
-1.01915,2.41860,1.10813,0.89495,1.31188,0.28420,-1.79984,0.04463,0.01785,
-1.01599,2.42012,1.10332,0.88879,1.33220,0.32023,-1.80087,0.05440,0.02201,
-1.01256,2.42176,1.09810,0.88213,1.35369,0.35837,-1.80198,0.06475,0.02647,
-1.00891,2.42351,1.09254,0.87502,1.37599,0.39796,-1.80314,0.07549,0.03115,
-1.00508,2.42535,1.08671,0.86756,1.39869,0.43829,-1.80433,0.08644,0.03599,
-1.00111,2.42726,1.08066,0.85983,1.42141,0.47865,-1.80553,0.09739,0.04091,
-0.99705,2.42921,1.07448,0.85192,1.44372,0.51832,-1.80671,0.10816,0.04584,
-0.99294,2.43118,1.06823,0.84393,1.46525,0.55659,-1.80786,0.11856,0.05070,
-0.98884,2.43315,1.06197,0.83593,1.48562,0.59281,-1.80895,0.12839,0.05543,
-0.98477,2.43510,1.05578,0.82802,1.50448,0.62637,-1.80997,0.13751,0.05994,
-0.98079,2.43701,1.04972,0.82027,1.52156,0.65674,-1.81089,0.14576,0.06420,
-0.97692,2.43887,1.04383,0.81273,1.53660,0.68350,-1.81171,0.15303,0.06814,
-0.97319,2.44065,1.03816,0.80548,1.54942,0.70632,-1.81240,0.15923,0.07173,
-0.96963,2.44236,1.03273,0.79855,1.55993,0.72503,-1.81298,0.16431,0.07495,
-0.96624,2.44399,1.02758,0.79196,1.56812,0.73960,-1.81342,0.16827,0.07779,
-0.96304,2.44553,1.02269,0.78571,1.57406,0.75017,-1.81375,0.17114,0.08025,
-0.96000,2.44699,1.01806,0.77979,1.57795,0.75710,-1.81396,0.17302,0.08237,
-0.95710,2.44838,1.01366,0.77416,1.58010,0.76092,-1.81408,0.17406,0.08419,
-0.95432,2.44971,1.00942,0.76875,1.58095,0.76243,-1.81413,0.17447,0.08579,
-0.95161,2.45101,1.00529,0.76346,1.58108,0.76266,-1.81413,0.17453,0.08727,
-0.94887,2.45233,1.00110,0.75811,1.58139,0.76308,-1.81415,0.17465,0.08878,
-0.94610,2.45365,0.99682,0.75264,1.58135,0.76205,-1.81417,0.17442,0.09023,
-0.94331,2.45500,0.99238,0.74695,1.58066,0.75841,-1.81419,0.17356,0.09158,
-0.94047,2.45636,0.98772,0.74099,1.57911,0.75127,-1.81421,0.17185,0.09280,
-0.93757,2.45775,0.98281,0.73472,1.57653,0.74000,-1.81422,0.16913,0.09386,
-0.93462,2.45916,0.97764,0.72811,1.57283,0.72422,-1.81424,0.16533,0.09473,
-0.93162,2.46060,0.97222,0.72118,1.56797,0.70376,-1.81425,0.16038,0.09541,
-0.92857,2.46207,0.96655,0.71394,1.56196,0.67863,-1.81425,0.15430,0.09589,
-0.92548,2.46355,0.96069,0.70643,1.55484,0.64905,-1.81426,0.14715,0.09617,
-0.92236,2.46505,0.95465,0.69872,1.54669,0.61535,-1.81426,0.13899,0.09627,
-0.91921,2.46656,0.94850,0.69086,1.53764,0.57802,-1.81426,0.12995,0.09618,
-0.91605,2.46808,0.94229,0.68292,1.52784,0.53765,-1.81425,0.12018,0.09593,
-0.91290,2.46959,0.93609,0.67499,1.51743,0.49491,-1.81425,0.10982,0.09553,
-0.90976,2.47110,0.92996,0.66715,1.50662,0.45055,-1.81424,0.09908,0.09501,
-0.90665,2.47259,0.92397,0.65949,1.49559,0.40534,-1.81423,0.08813,0.09439,
-0.90359,2.47405,0.91819,0.65210,1.48454,0.36011,-1.81422,0.07717,0.09369,
-0.90060,2.47549,0.91268,0.64506,1.47367,0.31564,-1.81421,0.06639,0.09294,
-0.89767,2.47689,0.90751,0.63845,1.46317,0.27274,-1.81420,0.05600,0.09217,
-0.89483,2.47826,0.90274,0.63234,1.45323,0.23213,-1.81419,0.04616,0.09139,
-0.89209,2.47957,0.89841,0.62681,1.44402,0.19451,-1.81418,0.03704,0.09064,
-0.88946,2.48084,0.89456,0.62189,1.43567,0.16046,-1.81417,0.02879,0.08994,
-0.88694,2.48205,0.89123,0.61764,1.42832,0.13046,-1.81416,0.02151,0.08929,
-0.88453,2.48320,0.88844,0.61406,1.42205,0.10487,-1.81415,0.01531,0.08873,
-0.88224,2.48430,0.88618,0.61117,1.41690,0.08390,-1.81415,0.01023,0.08826,
-0.88006,2.48535,0.88444,0.60895,1.41289,0.06756,-1.81414,0.00627,0.08788,
-0.87799,2.48634,0.88319,0.60736,1.40998,0.05570,-1.81414,0.00339,0.08760,
-0.87601,2.48729,0.88238,0.60632,1.40808,0.04794,-1.81414,0.00151,0.08742,
-0.87411,2.48820,0.88194,0.60576,1.40702,0.04365,-1.81413,0.00047,0.08731,
-0.87227,2.48908,0.88177,0.60554,1.40661,0.04195,-1.81413,0.00006,0.08727,
-0.87227,2.48908,0.88177,0.60554,1.40661,0.04195,-1.81413,0.00006,0.08727,
-0.87049,2.48994,0.88169,0.60544,1.40661,0.04316,-1.81437,0.00007,0.08749,
-0.86893,2.49069,0.88163,0.60536,1.40762,0.05452,-1.81581,0.00108,0.08892,
-0.86772,2.49127,0.88158,0.60529,1.41025,0.08213,-1.81919,0.00371,0.09228,
-0.86693,2.49165,0.88155,0.60525,1.41477,0.12826,-1.82477,0.00823,0.09785,
-0.86657,2.49182,0.88154,0.60524,1.42113,0.19204,-1.83245,0.01459,0.10553,
-0.86661,2.49180,0.88154,0.60524,1.42907,0.27019,-1.84183,0.02253,0.11492,
-0.86697,2.49163,0.88156,0.60527,1.43816,0.35770,-1.85233,0.03162,0.12542,
-0.86756,2.49134,0.88159,0.60531,1.44784,0.44848,-1.86320,0.04130,0.13630,
-0.86828,2.49100,0.88163,0.60535,1.45754,0.53613,-1.87370,0.05100,0.14680,
-0.86900,2.49065,0.88166,0.60540,1.46669,0.61458,-1.88308,0.06015,0.15620,
-0.86964,2.49035,0.88170,0.60544,1.47481,0.67880,-1.89076,0.06826,0.16389,
-0.87012,2.49011,0.88172,0.60547,1.48156,0.72547,-1.89635,0.07501,0.16947,
-0.87041,2.48998,0.88174,0.60549,1.48682,0.75372,-1.89972,0.08027,0.17285,
-0.87050,2.48993,0.88174,0.60550,1.49074,0.76580,-1.90117,0.08419,0.17430,
-0.87046,2.48995,0.88174,0.60550,1.49381,0.76775,-1.90140,0.08727,0.17453,
-0.87048,2.48994,0.88175,0.60551,1.49711,0.77133,-1.90159,0.09057,0.17473,
-0.87049,2.48994,0.88175,0.60551,1.49998,0.76411,-1.89928,0.09344,0.17241,
-0.87050,2.48994,0.88175,0.60551,1.50213,0.73960,-1.89295,0.09558,0.16609,
-0.87050,2.48993,0.88175,0.60551,1.50342,0.69533,-1.88205,0.09688,0.15518,
-0.87050,2.48993,0.88175,0.60551,1.50384,0.63212,-1.86677,0.09729,0.13991,
-0.87050,2.48993,0.88175,0.60551,1.50346,0.55340,-1.84792,0.09692,0.12106,
-0.87050,2.48994,0.88175,0.60551,1.50244,0.46438,-1.82673,0.09589,0.09987,
-0.87049,2.48994,0.88175,0.60551,1.50097,0.37143,-1.80469,0.09442,0.07782,
-0.87048,2.48994,0.88175,0.60551,1.49927,0.28130,-1.78336,0.09273,0.05649,
-0.87048,2.48994,0.88175,0.60551,1.49757,0.20036,-1.76425,0.09103,0.03738,
-0.87047,2.48995,0.88175,0.60551,1.49607,0.13395,-1.74859,0.08953,0.02172,
-0.87047,2.48995,0.88175,0.60550,1.49492,0.08560,-1.73720,0.08837,0.01033,
-0.87047,2.48995,0.88174,0.60550,1.49419,0.05628,-1.73030,0.08764,0.00343,
-0.87046,2.48995,0.88174,0.60550,1.49386,0.04373,-1.72734,0.08732,0.00048,
-0.87046,2.48995,0.88174,0.60550,1.49386,0.04373,-1.72734,0.08732,0.00048,
-0.87046,2.48995,0.88174,0.60550,1.49395,0.03981,-1.72623,0.08740,-0.00068,
-0.87046,2.48995,0.88174,0.60550,1.49526,0.04609,-1.72649,0.08872,-0.00069,
-0.87046,2.48995,0.88174,0.60550,1.49854,0.06869,-1.72897,0.09199,0.00116,
-0.87046,2.48995,0.88174,0.60550,1.50406,0.10995,-1.73400,0.09751,0.00520,
-0.87046,2.48995,0.88174,0.60550,1.51171,0.16911,-1.74146,0.10517,0.01138,
-0.87046,2.48995,0.88174,0.60550,1.52111,0.24295,-1.75095,0.11457,0.01942,
-0.87046,2.48995,0.88174,0.60550,1.53165,0.32654,-1.76181,0.12510,0.02883,
-0.87046,2.48995,0.88174,0.60550,1.54258,0.41390,-1.77323,0.13604,0.03899,
-0.87046,2.48995,0.88174,0.60550,1.55315,0.49866,-1.78435,0.14660,0.04924,
-0.87046,2.48995,0.88174,0.60550,1.56260,0.57479,-1.79438,0.15606,0.05894,
-0.87046,2.48995,0.88174,0.60550,1.57035,0.63728,-1.80263,0.16380,0.06755,
-0.87046,2.48995,0.88174,0.60550,1.57598,0.68279,-1.80866,0.16943,0.07468,
-0.87046,2.48995,0.88174,0.60550,1.57938,0.71039,-1.81231,0.17284,0.08017,
-0.87046,2.48995,0.88174,0.60550,1.58084,0.72221,-1.81388,0.17430,0.08419,
-0.87046,2.48995,0.88174,0.60550,1.58108,0.72412,-1.81413,0.17453,0.08727,
-0.87046,2.48995,0.88174,0.60550,1.58128,0.72770,-1.81485,0.17473,0.09061,
-0.87046,2.48995,0.88174,0.60550,1.57897,0.72110,-1.81547,0.17242,0.09351,
-0.87046,2.48995,0.88174,0.60550,1.57265,0.69820,-1.81594,0.16610,0.09568,
-0.87046,2.48995,0.88174,0.60550,1.56174,0.65667,-1.81622,0.15520,0.09699,
-0.87046,2.48995,0.88174,0.60550,1.54647,0.59730,-1.81631,0.13992,0.09741,
-0.87046,2.48995,0.88174,0.60550,1.52762,0.52327,-1.81623,0.12107,0.09703,
-0.87046,2.48995,0.88174,0.60550,1.50643,0.43954,-1.81601,0.09988,0.09599,
-0.87046,2.48995,0.88174,0.60550,1.48438,0.35208,-1.81569,0.07783,0.09450,
-0.87046,2.48995,0.88174,0.60550,1.46305,0.26725,-1.81532,0.05650,0.09279,
-0.87046,2.48995,0.88174,0.60550,1.44393,0.19107,-1.81495,0.03739,0.09107,
-0.87046,2.48995,0.88174,0.60550,1.42827,0.12856,-1.81462,0.02173,0.08955,
-0.87046,2.48995,0.88174,0.60550,1.41688,0.08303,-1.81437,0.01033,0.08838,
-0.87046,2.48995,0.88174,0.60550,1.40997,0.05542,-1.81422,0.00343,0.08765,
-0.87046,2.48995,0.88174,0.60550,1.40702,0.04361,-1.81415,0.00048,0.08732,
-0.87046,2.48995,0.88174,0.60550,1.40702,0.04361,-1.81415,0.00048,0.08732,
-0.87046,2.48995,0.88174,0.60550,1.40586,0.03820,-1.81411,-0.00068,0.08717,
-0.87046,2.48995,0.88174,0.60550,1.40585,0.03348,-1.81408,-0.00070,0.08704,
-0.87046,2.48995,0.88174,0.60550,1.40771,0.02990,-1.81406,0.00116,0.08694,
-0.87046,2.48995,0.88174,0.60550,1.41174,0.02766,-1.81405,0.00520,0.08687,
-0.87046,2.48995,0.88174,0.60550,1.41793,0.02681,-1.81404,0.01138,0.08685,
-0.87046,2.48995,0.88174,0.60550,1.42597,0.02722,-1.81405,0.01942,0.08686,
-0.87046,2.48995,0.88174,0.60550,1.43537,0.02867,-1.81406,0.02883,0.08690,
-0.87046,2.48995,0.88174,0.60550,1.44553,0.03083,-1.81407,0.03898,0.08696,
-0.87046,2.48995,0.88174,0.60550,1.45578,0.03338,-1.81408,0.04924,0.08703,
-0.87046,2.48995,0.88174,0.60550,1.46549,0.03595,-1.81410,0.05894,0.08711,
-0.87046,2.48995,0.88174,0.60550,1.47410,0.03823,-1.81411,0.06755,0.08717,
-0.87046,2.48995,0.88174,0.60550,1.48122,0.04000,-1.81412,0.07468,0.08722,
-0.87046,2.48995,0.88174,0.60550,1.48672,0.04112,-1.81413,0.08017,0.08725,
-0.87046,2.48995,0.88174,0.60550,1.49073,0.04161,-1.81413,0.08419,0.08726,
-0.87046,2.48995,0.88174,0.60550,1.49381,0.04170,-1.81413,0.08727,0.08727,
-0.87046,2.48995,0.88174,0.60550,1.49715,0.04193,-1.81413,0.09061,0.08727,
-0.87046,2.48995,0.88174,0.60550,1.50005,0.04213,-1.81414,0.09351,0.08728,
-0.87046,2.48995,0.88174,0.60550,1.50222,0.04228,-1.81414,0.09568,0.08728,
-0.87046,2.48995,0.88174,0.60550,1.50353,0.04237,-1.81414,0.09699,0.08729,
-0.87046,2.48995,0.88174,0.60550,1.50395,0.04240,-1.81414,0.09741,0.08729,
-0.87046,2.48995,0.88174,0.60550,1.50357,0.04237,-1.81414,0.09703,0.08729,
-0.87046,2.48995,0.88174,0.60550,1.50253,0.04230,-1.81414,0.09599,0.08728,
-0.87046,2.48995,0.88174,0.60550,1.50105,0.04220,-1.81414,0.09450,0.08728,
-0.87046,2.48995,0.88174,0.60550,1.49933,0.04208,-1.81414,0.09279,0.08728,
-0.87046,2.48995,0.88174,0.60550,1.49761,0.04196,-1.81413,0.09107,0.08727,
-0.87046,2.48995,0.88174,0.60550,1.49610,0.04185,-1.81413,0.08955,0.08727,
-0.87046,2.48995,0.88174,0.60550,1.49493,0.04177,-1.81413,0.08838,0.08727,
-0.87046,2.48995,0.88174,0.60550,1.49419,0.04172,-1.81413,0.08765,0.08727,
-0.87046,2.48995,0.88174,0.60550,1.49386,0.04170,-1.81413,0.08732,0.08727,
-0.87046,2.48995,0.88174,0.60550,1.49386,0.04170,-1.81413,0.08732,0.08727,
-0.87060,2.48989,0.88194,0.60576,1.49359,0.04326,-1.81455,0.08740,0.08750,
-0.87142,2.48949,0.88320,0.60737,1.49265,0.05298,-1.81714,0.08871,0.08894,
-0.87340,2.48854,0.88621,0.61121,1.49060,0.07573,-1.82320,0.09199,0.09232,
-0.87674,2.48694,0.89130,0.61772,1.48717,0.11332,-1.83322,0.09751,0.09790,
-0.88148,2.48466,0.89852,0.62695,1.48229,0.16506,-1.84700,0.10516,0.10558,
-0.88750,2.48178,0.90768,0.63866,1.47598,0.22831,-1.86384,0.11456,0.11497,
-0.89454,2.47840,0.91841,0.65238,1.46841,0.29901,-1.88267,0.12510,0.12546,
-0.90231,2.47467,0.93022,0.66749,1.45980,0.37229,-1.90218,0.13603,0.13634,
-0.91043,2.47077,0.94259,0.68329,1.45043,0.44299,-1.92101,0.14660,0.14683,
-0.91855,2.46688,0.95496,0.69911,1.44060,0.50624,-1.93785,0.15606,0.15622,
-0.92636,2.46313,0.96685,0.71431,1.43057,0.55799,-1.95163,0.16380,0.16390,
-0.93361,2.45965,0.97789,0.72843,1.42060,0.59559,-1.96165,0.16943,0.16948,
-0.94019,2.45649,0.98790,0.74123,1.41085,0.61835,-1.96771,0.17284,0.17286,
-0.94611,2.45365,0.99692,0.75276,1.40139,0.62807,-1.97030,0.17430,0.17430,
-0.95161,2.45101,1.00529,0.76346,1.39213,0.62965,-1.97072,0.17453,0.17453,
-0.95734,2.44826,1.01402,0.77462,1.38255,0.63272,-1.97143,0.17473,0.17473,
-0.96347,2.44532,1.02335,0.78656,1.37176,0.62813,-1.96957,0.17242,0.17241,
-0.97020,2.44209,1.03360,0.79966,1.35907,0.61125,-1.96359,0.16610,0.16608,
-0.97755,2.43856,1.04479,0.81397,1.34435,0.58032,-1.95289,0.15520,0.15518,
-0.98539,2.43480,1.05673,0.82923,1.32783,0.53592,-1.93768,0.13992,0.13990,
-0.99349,2.43092,1.06905,0.84499,1.31010,0.48046,-1.91877,0.12107,0.12106,
-1.00153,2.42705,1.08130,0.86065,1.29194,0.41765,-1.89742,0.09988,0.09986,
-1.00919,2.42338,1.09296,0.87555,1.27425,0.35200,-1.87514,0.07783,0.07782,
-1.01611,2.42006,1.10350,0.88903,1.25794,0.28829,-1.85354,0.05650,0.05649,
-1.02200,2.41723,1.11247,0.90050,1.24385,0.23106,-1.83416,0.03739,0.03738,
-1.02664,2.41501,1.11952,0.90951,1.23264,0.18408,-1.81826,0.02173,0.02172,
-1.02990,2.41344,1.12449,0.91586,1.22466,0.14986,-1.80669,0.01033,0.01033,
-1.03182,2.41252,1.12741,0.91960,1.21992,0.12910,-1.79967,0.00343,0.00343,
-1.03262,2.41214,1.12864,0.92117,1.21792,0.12022,-1.79667,0.00048,0.00048,
-1.03262,2.41214,1.12864,0.92117,1.21792,0.12022,-1.79667,0.00048,0.00048,
-1.03297,2.41197,1.12917,0.92185,1.21712,0.11631,-1.79528,-0.00083,-0.00087,
-1.03322,2.41185,1.12954,0.92232,1.21708,0.11382,-1.79397,-0.00175,-0.00203,
-1.03326,2.41183,1.12960,0.92240,1.21839,0.11389,-1.79282,-0.00196,-0.00285,
-1.03302,2.41194,1.12924,0.92194,1.22151,0.11739,-1.79188,-0.00122,-0.00321,
-1.03246,2.41222,1.12838,0.92084,1.22678,0.12496,-1.79118,0.00066,-0.00303,
-1.03152,2.41266,1.12696,0.91903,1.23439,0.13697,-1.79077,0.00376,-0.00223,
-1.03020,2.41330,1.12494,0.91645,1.24444,0.15361,-1.79064,0.00816,-0.00080,
-1.02847,2.41413,1.12231,0.91308,1.25690,0.17488,-1.79081,0.01384,0.00127,
-1.02634,2.41515,1.11908,0.90894,1.27170,0.20058,-1.79127,0.02075,0.00398,
-1.02383,2.41636,1.11525,0.90405,1.28864,0.23039,-1.79200,0.02882,0.00729,
-1.02095,2.41774,1.11087,0.89845,1.30747,0.26386,-1.79298,0.03790,0.01114,
-1.01774,2.41928,1.10598,0.89220,1.32791,0.30042,-1.79419,0.04785,0.01548,
-1.01424,2.42096,1.10065,0.88538,1.34959,0.33944,-1.79559,0.05848,0.02023,
-1.01048,2.42276,1.09493,0.87807,1.37214,0.38019,-1.79714,0.06961,0.02530,
-1.00653,2.42466,1.08891,0.87037,1.39515,0.42193,-1.79881,0.08103,0.03061,
-1.00241,2.42663,1.08264,0.86236,1.41820,0.46388,-1.80054,0.09251,0.03606,
-0.99820,2.42865,1.07623,0.85416,1.44089,0.50525,-1.80231,0.10384,0.04156,
-0.99394,2.43070,1.06974,0.84586,1.46280,0.54530,-1.80405,0.11482,0.04701,
-0.98967,2.43275,1.06324,0.83756,1.48355,0.58329,-1.80574,0.12525,0.05232,
-0.98545,2.43477,1.05682,0.82934,1.50280,0.61858,-1.80734,0.13493,0.05741,
-0.98132,2.43675,1.05053,0.82131,1.52022,0.65058,-1.80881,0.14372,0.06220,
-0.97732,2.43867,1.04444,0.81352,1.53558,0.67881,-1.81013,0.15148,0.06663,
-0.97348,2.44051,1.03860,0.80605,1.54869,0.70293,-1.81126,0.15811,0.07065,
-0.96983,2.44227,1.03303,0.79893,1.55944,0.72274,-1.81220,0.16355,0.07423,
-0.96636,2.44393,1.02776,0.79219,1.56781,0.73817,-1.81294,0.16780,0.07735,
-0.96310,2.44550,1.02278,0.78583,1.57389,0.74939,-1.81349,0.17088,0.08002,
-0.96002,2.44697,1.01810,0.77984,1.57788,0.75675,-1.81384,0.17290,0.08227,
-0.95711,2.44837,1.01367,0.77417,1.58008,0.76081,-1.81404,0.17402,0.08417,
-0.95432,2.44971,1.00942,0.76875,1.58095,0.76242,-1.81412,0.17447,0.08579,
-0.95161,2.45101,1.00529,0.76346,1.58108,0.76266,-1.81413,0.17453,0.08727,
-0.94886,2.45233,1.00110,0.75810,1.58140,0.76312,-1.81417,0.17467,0.08878,
-0.94610,2.45366,0.99682,0.75263,1.58137,0.76214,-1.81420,0.17445,0.09024,
-0.94330,2.45500,0.99237,0.74694,1.58069,0.75853,-1.81423,0.17360,0.09161,
-0.94046,2.45636,0.98770,0.74098,1.57914,0.75143,-1.81426,0.17190,0.09283,
-0.93756,2.45775,0.98279,0.73470,1.57657,0.74019,-1.81429,0.16920,0.09389,
-0.93461,2.45917,0.97762,0.72809,1.57288,0.72443,-1.81431,0.16540,0.09477,
-0.93161,2.46061,0.97220,0.72115,1.56802,0.70399,-1.81432,0.16046,0.09545,
-0.92856,2.46207,0.96654,0.71391,1.56201,0.67888,-1.81433,0.15439,0.09593,
-0.92547,2.46356,0.96067,0.70641,1.55489,0.64930,-1.81434,0.14723,0.09622,
-0.92234,2.46505,0.95463,0.69870,1.54675,0.61561,-1.81434,0.13907,0.09631,
-0.91920,2.46657,0.94848,0.69083,1.53770,0.57827,-1.81434,0.13004,0.09622,
-0.91604,2.46808,0.94228,0.68290,1.52789,0.53790,-1.81434,0.12026,0.09597,
-0.91288,2.46959,0.93608,0.67497,1.51748,0.49515,-1.81433,0.10990,0.09557,
-0.90975,2.47110,0.92995,0.66713,1.50667,0.45077,-1.81431,0.09915,0.09505,
-0.90664,2.47259,0.92396,0.65947,1.49563,0.40555,-1.81430,0.08819,0.09442,
-0.90358,2.47406,0.91818,0.65208,1.48458,0.36029,-1.81428,0.07723,0.09372,
-0.90059,2.47550,0.91267,0.64504,1.47370,0.31580,-1.81427,0.06645,0.09297,
-0.89767,2.47690,0.90750,0.63844,1.46320,0.27288,-1.81425,0.05604,0.09219,
-0.89483,2.47826,0.90273,0.63233,1.45326,0.23225,-1.81423,0.04619,0.09141,
-0.89209,2.47957,0.89840,0.62680,1.44404,0.19461,-1.81421,0.03707,0.09066,
-0.88946,2.48084,0.89456,0.62189,1.43569,0.16053,-1.81420,0.02881,0.08995,
-0.88693,2.48205,0.89123,0.61763,1.42833,0.13052,-1.81418,0.02153,0.08930,
-0.88453,2.48320,0.88844,0.61406,1.42206,0.10491,-1.81417,0.01533,0.08874,
-0.88224,2.48430,0.88618,0.61117,1.41691,0.08392,-1.81416,0.01024,0.08826,
-0.88006,2.48535,0.88444,0.60895,1.41290,0.06758,-1.81415,0.00627,0.08788,
-0.87799,2.48634,0.88319,0.60735,1.40998,0.05571,-1.81414,0.00340,0.08761,
-0.87601,2.48729,0.88238,0.60632,1.40808,0.04794,-1.81414,0.00151,0.08742,
-0.87411,2.48820,0.88194,0.60576,1.40702,0.04365,-1.81413,0.00047,0.08731,
-0.87227,2.48908,0.88177,0.60554,1.40661,0.04195,-1.81413,0.00006,0.08727,
-0.87227,2.48908,0.88177,0.60554,1.40661,0.04195,-1.81413,0.00006,0.08727,
-0.87049,2.48994,0.88169,0.60544,1.40661,0.04316,-1.81437,0.00007,0.08749,
-0.86893,2.49069,0.88163,0.60536,1.40762,0.05452,-1.81581,0.00108,0.08892,
-0.86772,2.49127,0.88158,0.60529,1.41025,0.08213,-1.81919,0.00371,0.09228,
-0.86693,2.49165,0.88155,0.60525,1.41477,0.12825,-1.82477,0.00823,0.09785,
-0.86657,2.49182,0.88154,0.60524,1.42113,0.19204,-1.83245,0.01459,0.10553,
-0.86661,2.49180,0.88154,0.60524,1.42907,0.27019,-1.84183,0.02253,0.11492,
-0.86697,2.49163,0.88156,0.60527,1.43816,0.35769,-1.85233,0.03162,0.12542,
-0.86756,2.49134,0.88159,0.60531,1.44784,0.44848,-1.86320,0.04130,0.13630,
-0.86828,2.49100,0.88163,0.60535,1.45754,0.53613,-1.87370,0.05100,0.14680,
-0.86900,2.49065,0.88166,0.60540,1.46669,0.61458,-1.88308,0.06015,0.15620,
-0.86964,2.49035,0.88170,0.60544,1.47481,0.67880,-1.89076,0.06826,0.16389,
-0.87012,2.49011,0.88172,0.60547,1.48156,0.72547,-1.89635,0.07501,0.16947,
-0.87041,2.48998,0.88174,0.60549,1.48682,0.75372,-1.89972,0.08027,0.17285,
-0.87050,2.48993,0.88174,0.60550,1.49074,0.76580,-1.90117,0.08419,0.17430,
-0.87046,2.48995,0.88174,0.60550,1.49381,0.76775,-1.90140,0.08727,0.17453,
-0.87048,2.48994,0.88175,0.60551,1.49711,0.77133,-1.90159,0.09057,0.17473,
-0.87049,2.48994,0.88175,0.60551,1.49998,0.76411,-1.89928,0.09344,0.17241,
-0.87050,2.48994,0.88175,0.60551,1.50213,0.73960,-1.89295,0.09558,0.16609,
-0.87050,2.48993,0.88175,0.60551,1.50342,0.69533,-1.88205,0.09688,0.15518,
-0.87050,2.48993,0.88175,0.60551,1.50384,0.63212,-1.86677,0.09729,0.13991,
-0.87050,2.48993,0.88175,0.60551,1.50346,0.55340,-1.84792,0.09692,0.12106,
-0.87050,2.48994,0.88175,0.60551,1.50244,0.46438,-1.82673,0.09589,0.09987,
-0.87049,2.48994,0.88175,0.60551,1.50097,0.37143,-1.80469,0.09442,0.07782,
-0.87048,2.48994,0.88175,0.60551,1.49927,0.28130,-1.78336,0.09273,0.05649,
-0.87048,2.48994,0.88175,0.60551,1.49757,0.20036,-1.76425,0.09103,0.03738,
-0.87047,2.48995,0.88175,0.60551,1.49607,0.13395,-1.74859,0.08953,0.02172,
-0.87047,2.48995,0.88175,0.60550,1.49492,0.08560,-1.73720,0.08837,0.01033,
-0.87047,2.48995,0.88174,0.60550,1.49419,0.05628,-1.73030,0.08764,0.00343,
-0.87046,2.48995,0.88174,0.60550,1.49386,0.04373,-1.72734,0.08732,0.00048,
-0.87046,2.48995,0.88174,0.60550,1.49386,0.04373,-1.72734,0.08732,0.00048,
-0.87062,2.48989,0.88198,0.60507,1.49447,0.04008,-1.72644,0.08740,-0.00068,
-0.87158,2.48953,0.88344,0.60239,1.49904,0.04798,-1.72804,0.08872,-0.00069,
-0.87387,2.48867,0.88693,0.59598,1.50994,0.07439,-1.73362,0.09199,0.00116,
-0.87776,2.48721,0.89285,0.58513,1.52804,0.12195,-1.74378,0.09751,0.00520,
-0.88326,2.48515,0.90124,0.56975,1.55302,0.18976,-1.75831,0.10517,0.01138,
-0.89025,2.48253,0.91188,0.55024,1.58359,0.27419,-1.77644,0.11457,0.01942,
-0.89843,2.47945,0.92434,0.52738,1.61779,0.36962,-1.79695,0.12510,0.02883,
-0.90745,2.47607,0.93807,0.50220,1.65326,0.46923,-1.81837,0.13604,0.03899,
-0.91688,2.47253,0.95244,0.47585,1.68749,0.56583,-1.83915,0.14660,0.04924,
-0.92632,2.46899,0.96681,0.44950,1.71811,0.65255,-1.85782,0.15606,0.05894,
-0.93539,2.46558,0.98063,0.42416,1.74318,0.72369,-1.87313,0.16380,0.06755,
-0.94382,2.46242,0.99346,0.40062,1.76140,0.77550,-1.88429,0.16943,0.07468,
-0.95146,2.45956,1.00509,0.37929,1.77242,0.80691,-1.89105,0.17284,0.08017,
-0.95834,2.45697,1.01557,0.36007,1.77713,0.82035,-1.89395,0.17430,0.08419,
-0.96472,2.45458,1.02529,0.34224,1.77790,0.82253,-1.89442,0.17453,0.08727,
-0.97138,2.45208,1.03534,0.32364,1.77958,0.82683,-1.89574,0.17473,0.09061,
-0.97850,2.44940,1.04560,0.30374,1.77856,0.82073,-1.89689,0.17242,0.09351,
-0.98632,2.44647,1.05616,0.28190,1.77321,0.79800,-1.89775,0.16610,0.09568,
-0.99486,2.44327,1.06704,0.25806,1.76289,0.75623,-1.89827,0.15520,0.09699,
-1.00397,2.43985,1.07814,0.23263,1.74780,0.69622,-1.89843,0.13992,0.09741,
-1.01337,2.43632,1.08934,0.20636,1.72878,0.62122,-1.89828,0.12107,0.09703,
-1.02272,2.43281,1.10045,0.18026,1.70713,0.53625,-1.89787,0.09988,0.09599,
-1.03161,2.42947,1.11128,0.15542,1.68442,0.44743,-1.89728,0.07783,0.09450,
-1.03965,2.42646,1.12165,0.13296,1.66233,0.36121,-1.89660,0.05650,0.09279,
-1.04649,2.42389,1.13137,0.11385,1.64245,0.28376,-1.89592,0.03739,0.09107,
-1.05187,2.42187,1.14034,0.09882,1.62611,0.22017,-1.89532,0.02173,0.08955,
-1.05566,2.42045,1.14848,0.08824,1.61419,0.17385,-1.89486,0.01033,0.08838,
-1.05789,2.41961,1.15584,0.08200,1.60696,0.14576,-1.89457,0.00343,0.08765,
-1.05883,2.41926,1.16254,0.07939,1.60387,0.13374,-1.89444,0.00048,0.08732,
-1.05883,2.41926,1.16254,0.07939,1.60387,0.13374,-1.89444,0.00048,0.08732,
-1.05925,2.41910,1.16891,0.07821,1.60264,0.13032,-1.89442,-0.00068,0.08740,
-1.05962,2.41896,1.17490,0.07719,1.60257,0.13841,-1.89462,-0.00070,0.08871,
-1.05990,2.41886,1.18025,0.07640,1.60438,0.16492,-1.89519,0.00116,0.09199,
-1.06007,2.41879,1.18483,0.07592,1.60839,0.21249,-1.89617,0.00520,0.09751,
-1.06014,2.41877,1.18862,0.07573,1.61456,0.28022,-1.89753,0.01138,0.10516,
-1.06011,2.41878,1.19169,0.07582,1.62261,0.36447,-1.89922,0.01942,0.11456,
-1.05999,2.41882,1.19416,0.07614,1.63203,0.45967,-1.90111,0.02883,0.12510,
-1.05983,2.41888,1.19620,0.07661,1.64222,0.55901,-1.90309,0.03898,0.13603,
-1.05963,2.41896,1.19800,0.07716,1.65250,0.65532,-1.90499,0.04924,0.14660,
-1.05943,2.41903,1.19976,0.07772,1.66224,0.74178,-1.90670,0.05894,0.15606,
-1.05925,2.41910,1.20166,0.07822,1.67088,0.81270,-1.90811,0.06755,0.16380,
-1.05911,2.41915,1.20382,0.07861,1.67802,0.86434,-1.90913,0.07468,0.16943,
-1.05902,2.41919,1.20632,0.07885,1.68353,0.89565,-1.90974,0.08017,0.17284,
-1.05898,2.41920,1.20916,0.07896,1.68755,0.90904,-1.91001,0.08419,0.17430,
-1.05898,2.41920,1.21221,0.07898,1.69063,0.91121,-1.91005,0.08727,0.17453,
-1.05896,2.41921,1.21523,0.07903,1.69397,0.91427,-1.90970,0.09061,0.17473,
-1.05894,2.41922,1.21847,0.07907,1.69687,0.90067,-1.90692,0.09351,0.17242,
-1.05893,2.41922,1.22204,0.07911,1.69905,0.86040,-1.90024,0.09568,0.16610,
-1.05892,2.41922,1.22594,0.07912,1.70036,0.78967,-1.88913,0.09699,0.15520,
-1.05892,2.41922,1.23013,0.07913,1.70078,0.68980,-1.87379,0.09741,0.13992,
-1.05892,2.41922,1.23446,0.07913,1.70040,0.56610,-1.85500,0.09703,0.12107,
-1.05893,2.41922,1.23878,0.07911,1.69936,0.42669,-1.83397,0.09599,0.09988,
-1.05894,2.41922,1.24289,0.07909,1.69787,0.28145,-1.81217,0.09450,0.07783,
-1.05895,2.41921,1.24661,0.07906,1.69615,0.14080,-1.79112,0.09279,0.05650,
-1.05896,2.41921,1.24979,0.07904,1.69444,0.01465,-1.77228,0.09107,0.03739,
-1.05896,2.41921,1.25228,0.07901,1.69292,-0.08878,-1.75687,0.08955,0.02173,
-1.05897,2.41921,1.25404,0.07900,1.69175,-0.16405,-1.74567,0.08838,0.01033,
-1.05898,2.41920,1.25508,0.07898,1.69101,-0.20966,-1.73888,0.08765,0.00343,
-1.05898,2.41920,1.25551,0.07898,1.69068,-0.22917,-1.73599,0.08732,0.00048,
-1.05898,2.41920,1.25551,0.07898,1.69068,-0.22917,-1.73599,0.08732,0.00048,
-1.05897,2.41875,1.25570,0.07896,1.69096,-0.23554,-1.73488,0.08740,-0.00068,
-1.05893,2.41591,1.25584,0.07887,1.69350,-0.22754,-1.73506,0.08871,-0.00070,
-1.05882,2.40914,1.25589,0.07866,1.69965,-0.19650,-1.73733,0.09199,0.00116,
-1.05864,2.39767,1.25582,0.07829,1.70992,-0.13913,-1.74197,0.09751,0.00520,
-1.05839,2.38141,1.25565,0.07778,1.72411,-0.05649,-1.74891,0.10516,0.01138,
-1.05807,2.36078,1.25537,0.07713,1.74149,0.04691,-1.75775,0.11456,0.01942,
-1.05770,2.33661,1.25502,0.07637,1.76096,0.16413,-1.76787,0.12510,0.02883,
-1.05728,2.30999,1.25460,0.07553,1.78115,0.28673,-1.77852,0.13603,0.03898,
-1.05685,2.28213,1.25416,0.07465,1.80064,0.40576,-1.78891,0.14660,0.04924,
-1.05642,2.25427,1.25372,0.07378,1.81808,0.51272,-1.79827,0.15606,0.05894,
-1.05600,2.22748,1.25330,0.07293,1.83236,0.60054,-1.80598,0.16380,0.06755,
-1.05561,2.20260,1.25293,0.07215,1.84274,0.66453,-1.81161,0.16943,0.07468,
-1.05526,2.18005,1.25260,0.07144,1.84902,0.70334,-1.81503,0.17284,0.08017,
-1.05495,2.15973,1.25233,0.07080,1.85171,0.71995,-1.81649,0.17430,0.08419,
-1.05465,2.14088,1.25210,0.07020,1.85214,0.72264,-1.81673,0.17453,0.08727,
-1.05435,2.12121,1.25184,0.06958,1.85290,0.72767,-1.81740,0.17473,0.09061,
-1.05404,2.10018,1.25158,0.06892,1.85108,0.71839,-1.81798,0.17242,0.09351,
-1.05371,2.07709,1.25128,0.06819,1.84512,0.68619,-1.81842,0.16610,0.09568,
-1.05337,2.05188,1.25096,0.06740,1.83444,0.62780,-1.81868,0.15520,0.09699,
-1.05301,2.02499,1.25063,0.06655,1.81924,0.54431,-1.81876,0.13992,0.09741,
-1.05265,1.99722,1.25028,0.06567,1.80032,0.44023,-1.81869,0.12107,0.09703,
-1.05230,1.96963,1.24994,0.06480,1.77896,0.32249,-1.81848,0.09988,0.09599,
-1.05195,1.94337,1.24961,0.06398,1.75666,0.19951,-1.81818,0.07783,0.09450,
-1.05163,1.91962,1.24932,0.06323,1.73504,0.08023,-1.81784,0.05650,0.09279,
-1.05133,1.89942,1.24907,0.06259,1.71564,-0.02689,-1.81749,0.03739,0.09107,
-1.05107,1.88353,1.24887,0.06209,1.69972,-0.11480,-1.81719,0.02173,0.08955,
-1.05084,1.87234,1.24873,0.06174,1.68813,-0.17881,-1.81695,0.01033,0.08838,
-1.05064,1.86575,1.24865,0.06153,1.68110,-0.21763,-1.81680,0.00343,0.08765,
-1.05048,1.86299,1.24862,0.06144,1.67810,-0.23425,-1.81674,0.00048,0.08732,
-1.05048,1.86299,1.24862,0.06144,1.67810,-0.23425,-1.81674,0.00048,0.08732,
-1.05033,1.86175,1.24883,0.06140,1.67691,-0.23917,-1.81777,-0.00068,0.08740,
-1.05020,1.86066,1.25028,0.06137,1.67688,-0.22925,-1.82430,-0.00070,0.08871,
-1.05009,1.85983,1.25375,0.06134,1.67872,-0.19556,-1.83961,0.00116,0.09199,
-1.05003,1.85932,1.25963,0.06133,1.68274,-0.13469,-1.86494,0.00520,0.09751,
-1.05000,1.85912,1.26799,0.06132,1.68892,-0.04780,-1.89981,0.01138,0.10516,
-1.05000,1.85922,1.27858,0.06132,1.69696,0.06044,-1.94244,0.01942,0.11456,
-1.05003,1.85955,1.29100,0.06133,1.70637,0.18282,-1.99010,0.02883,0.12510,
-1.05008,1.86005,1.30468,0.06135,1.71654,0.31061,-2.03950,0.03898,0.13603,
-1.05014,1.86064,1.31900,0.06137,1.72681,0.43454,-2.08717,0.04924,0.14660,
-1.05021,1.86123,1.33332,0.06139,1.73653,0.54582,-2.12981,0.05894,0.15606,
-1.05026,1.86176,1.34709,0.06140,1.74515,0.63712,-2.16469,0.06755,0.16380,
-1.05030,1.86216,1.35987,0.06142,1.75228,0.70361,-2.19005,0.07468,0.16943,
-1.05033,1.86242,1.37146,0.06142,1.75778,0.74393,-2.20539,0.08017,0.17284,
-1.05033,1.86253,1.38190,0.06143,1.76180,0.76118,-2.21195,0.08419,0.17430,
-1.05033,1.86255,1.39158,0.06143,1.76488,0.76397,-2.21301,0.08727,0.17453,
-1.05033,1.86261,1.40169,0.06143,1.76822,0.76835,-2.21554,0.09061,0.17473,
-1.05033,1.86265,1.41249,0.06143,1.77112,0.75350,-2.21525,0.09351,0.17242,
-1.05033,1.86269,1.42435,0.06143,1.77329,0.70787,-2.21044,0.09568,0.16610,
-1.05033,1.86271,1.43730,0.06143,1.77460,0.62709,-2.20045,0.09699,0.15520,
-1.05033,1.86272,1.45111,0.06143,1.77502,0.51267,-2.18547,0.09741,0.13992,
-1.05033,1.86271,1.46538,0.06143,1.77464,0.37071,-2.16636,0.09703,0.12107,
-1.05033,1.86269,1.47956,0.06143,1.77360,0.21057,-2.14444,0.09599,0.09988,
-1.05033,1.86267,1.49304,0.06143,1.77211,0.04361,-2.12135,0.09450,0.07783,
-1.05033,1.86264,1.50524,0.06143,1.77040,-0.11814,-2.09883,0.09279,0.05650,
-1.05033,1.86261,1.51562,0.06143,1.76868,-0.26326,-2.07852,0.09107,0.03739,
-1.05033,1.86259,1.52378,0.06143,1.76716,-0.38226,-2.06179,0.08955,0.02173,
-1.05033,1.86257,1.52953,0.06143,1.76599,-0.46888,-2.04959,0.08838,0.01033,
-1.05033,1.86256,1.53291,0.06143,1.76526,-0.52138,-2.04217,0.08765,0.00343,
-1.05033,1.86255,1.53433,0.06143,1.76493,-0.54385,-2.03899,0.08732,0.00048,
-1.05033,1.86255,1.53433,0.06143,1.76493,-0.54385,-2.03899,0.08732,0.00048,
-1.05033,1.86250,1.53497,0.06197,1.76479,-0.55126,-2.03776,0.08740,-0.00068,
-1.05030,1.86218,1.53550,0.06537,1.76474,-0.54250,-2.03786,0.08871,-0.00070,
-1.05024,1.86140,1.53586,0.07349,1.76484,-0.50785,-2.04011,0.09199,0.00116,
-1.05013,1.86009,1.53602,0.08723,1.76510,-0.44359,-2.04483,0.09751,0.00520,
-1.04998,1.85824,1.53597,0.10671,1.76553,-0.35091,-2.05192,0.10516,0.01138,
-1.04979,1.85589,1.53573,0.13143,1.76609,-0.23487,-2.06098,0.11456,0.01942,
-1.04957,1.85313,1.53534,0.16039,1.76674,-0.10329,-2.07137,0.12510,0.02883,
-1.04932,1.85010,1.53484,0.19228,1.76743,0.03437,-2.08232,0.13603,0.03898,
-1.04906,1.84693,1.53428,0.22565,1.76812,0.16804,-2.09301,0.14660,0.04924,
-1.04880,1.84375,1.53372,0.25904,1.76874,0.28818,-2.10265,0.15606,0.05894,
-1.04855,1.84070,1.53321,0.29113,1.76925,0.38682,-2.11059,0.16380,0.06755,
-1.04832,1.83787,1.53278,0.32094,1.76962,0.45869,-2.11638,0.16943,0.07468,
-1.04811,1.83530,1.53245,0.34796,1.76985,0.50229,-2.11990,0.17284,0.08017,
-1.04793,1.83298,1.53221,0.37231,1.76995,0.52095,-2.12141,0.17430,0.08419,
-1.04775,1.83083,1.53204,0.39489,1.76997,0.52398,-2.12166,0.17453,0.08727,
-1.04757,1.82863,1.53184,0.41846,1.76954,0.52964,-2.12235,0.17473,0.09061,
-1.04737,1.82648,1.53163,0.44366,1.76670,0.51929,-2.12295,0.17242,0.09351,
-1.04716,1.82440,1.53141,0.47132,1.75997,0.48330,-2.12340,0.16610,0.09568,
-1.04693,1.82241,1.53118,0.50152,1.74883,0.41801,-2.12367,0.15520,0.09699,
-1.04668,1.82049,1.53093,0.53374,1.73347,0.32463,-2.12375,0.13992,0.09741,
-1.04642,1.81862,1.53068,0.56701,1.71469,0.20821,-2.12367,0.12107,0.09703,
-1.04617,1.81677,1.53044,0.60007,1.69369,0.07650,-2.12346,0.09988,0.09599,
-1.04592,1.81489,1.53021,0.63153,1.67192,-0.06106,-2.12315,0.07783,0.09450,
-1.04570,1.81297,1.53001,0.65998,1.65091,-0.19450,-2.12280,0.05650,0.09279,
-1.04551,1.81095,1.52984,0.68419,1.63212,-0.31434,-2.12244,0.03739,0.09107,
-1.04537,1.80882,1.52970,0.70323,1.61673,-0.41267,-2.12213,0.02173,0.08955,
-1.04526,1.80656,1.52961,0.71663,1.60556,-0.48429,-2.12189,0.01033,0.08838,
-1.04520,1.80418,1.52955,0.72453,1.59879,-0.52772,-2.12174,0.00343,0.08765,
-1.04518,1.80168,1.52953,0.72783,1.59590,-0.54630,-2.12167,0.00048,0.08732,
-1.04518,1.80168,1.52953,0.72783,1.59590,-0.54630,-2.12167,0.00048,0.08732,
-1.04517,1.79913,1.52952,0.72933,1.59465,-0.55456,-2.12164,-0.00083,0.08717,
-1.04516,1.79658,1.52952,0.73065,1.59397,-0.56031,-2.12162,-0.00175,0.08702,
-1.04517,1.79399,1.52952,0.73163,1.59432,-0.56151,-2.12163,-0.00196,0.08688,
-1.04518,1.79138,1.52954,0.73217,1.59606,-0.55662,-2.12168,-0.00122,0.08675,
-1.04522,1.78872,1.52957,0.73217,1.59943,-0.54452,-2.12177,0.00066,0.08665,
-1.04527,1.78602,1.52963,0.73156,1.60459,-0.52453,-2.12190,0.00376,0.08655,
-1.04535,1.78327,1.52970,0.73032,1.61162,-0.49632,-2.12208,0.00816,0.08648,
-1.04544,1.78047,1.52979,0.72842,1.62050,-0.45989,-2.12231,0.01384,0.08643,
-1.04555,1.77762,1.52990,0.72587,1.63116,-0.41557,-2.12258,0.02075,0.08640,
-1.04569,1.77473,1.53003,0.72268,1.64348,-0.36393,-2.12289,0.02882,0.08639,
-1.04584,1.77179,1.53018,0.71890,1.65726,-0.30577,-2.12324,0.03790,0.08640,
-1.04600,1.76882,1.53034,0.71458,1.67227,-0.24208,-2.12363,0.04785,0.08642,
-1.04619,1.76581,1.53052,0.70978,1.68826,-0.17399,-2.12403,0.05848,0.08646,
-1.04638,1.76277,1.53071,0.70457,1.70494,-0.10276,-2.12445,0.06961,0.08651,
-1.04659,1.75971,1.53091,0.69902,1.72201,-0.02973,-2.12489,0.08103,0.08657,
-1.04680,1.75663,1.53112,0.69322,1.73913,0.04374,-2.12532,0.09251,0.08663,
-1.04702,1.75355,1.53133,0.68726,1.75602,0.11627,-2.12575,0.10384,0.08671,
-1.04724,1.75046,1.53154,0.68121,1.77234,0.18652,-2.12617,0.11482,0.08678,
-1.04746,1.74738,1.53176,0.67516,1.78782,0.25320,-2.12656,0.12525,0.08686,
-1.04768,1.74430,1.53197,0.66919,1.80219,0.31516,-2.12692,0.13493,0.08693,
-1.04789,1.74125,1.53218,0.66336,1.81522,0.37138,-2.12725,0.14372,0.08700,
-1.04810,1.73821,1.53238,0.65775,1.82671,0.42100,-2.12754,0.15148,0.08707,
-1.04830,1.73520,1.53257,0.65239,1.83652,0.46340,-2.12779,0.15811,0.08712,
-1.04849,1.73221,1.53276,0.64733,1.84457,0.49823,-2.12800,0.16355,0.08717,
-1.04867,1.72925,1.53294,0.64259,1.85085,0.52538,-2.12816,0.16780,0.08721,
-1.04884,1.72632,1.53310,0.63817,1.85541,0.54512,-2.12827,0.17088,0.08723,
-1.04900,1.72342,1.53326,0.63406,1.85840,0.55807,-2.12835,0.17290,0.08725,
-1.04915,1.72053,1.53341,0.63021,1.86005,0.56522,-2.12839,0.17402,0.08726,
-1.04930,1.71767,1.53355,0.62658,1.86070,0.56805,-2.12841,0.17447,0.08727,
-1.04944,1.71482,1.53369,0.62305,1.86080,0.56848,-2.12841,0.17453,0.08727,
-1.04958,1.71195,1.53383,0.61948,1.86103,0.56934,-2.12842,0.17467,0.08727,
-1.04973,1.70901,1.53398,0.61582,1.86090,0.56796,-2.12842,0.17445,0.08727,
-1.04988,1.70597,1.53413,0.61202,1.86013,0.56253,-2.12843,0.17360,0.08727,
-1.05004,1.70278,1.53428,0.60804,1.85851,0.55167,-2.12844,0.17190,0.08727,
-1.05021,1.69942,1.53445,0.60385,1.85587,0.53440,-2.12844,0.16920,0.08727,
-1.05039,1.69589,1.53462,0.59944,1.85212,0.51013,-2.12845,0.16540,0.08728,
-1.05058,1.69218,1.53481,0.59481,1.84723,0.47858,-2.12845,0.16046,0.08728,
-1.05078,1.68831,1.53500,0.58999,1.84118,0.43980,-2.12845,0.15439,0.08728,
-1.05098,1.68431,1.53519,0.58498,1.83405,0.39410,-2.12845,0.14723,0.08728,
-1.05119,1.68019,1.53540,0.57984,1.82590,0.34201,-2.12845,0.13907,0.08728,
-1.05140,1.67599,1.53560,0.57460,1.81685,0.28428,-2.12845,0.13004,0.08728,
-1.05161,1.67176,1.53581,0.56931,1.80706,0.22182,-2.12845,0.12026,0.08728,
-1.05183,1.66753,1.53602,0.56402,1.79668,0.15568,-2.12845,0.10990,0.08728,
-1.05204,1.66335,1.53623,0.55880,1.78589,0.08701,-2.12845,0.09915,0.08728,
-1.05225,1.65927,1.53643,0.55370,1.77490,0.01702,-2.12844,0.08819,0.08728,
-1.05245,1.65533,1.53663,0.54877,1.76389,-0.05302,-2.12844,0.07723,0.08727,
-1.05264,1.65158,1.53681,0.54409,1.75306,-0.12188,-2.12844,0.06645,0.08727,
-1.05281,1.64806,1.53699,0.53968,1.74261,-0.18834,-2.12843,0.05604,0.08727,
-1.05298,1.64481,1.53715,0.53562,1.73272,-0.25123,-2.12843,0.04619,0.08727,
-1.05313,1.64186,1.53729,0.53193,1.72354,-0.30951,-2.12843,0.03707,0.08727,
-1.05326,1.63924,1.53742,0.52866,1.71524,-0.36227,-2.12842,0.02881,0.08727,
-1.05338,1.63698,1.53753,0.52583,1.70792,-0.40874,-2.12842,0.02153,0.08727,
-1.05347,1.63507,1.53763,0.52345,1.70168,-0.44839,-2.12842,0.01533,0.08727,
-1.05355,1.63354,1.53770,0.52152,1.69656,-0.48089,-2.12841,0.01024,0.08727,
-1.05361,1.63235,1.53776,0.52004,1.69258,-0.50621,-2.12841,0.00627,0.08727,
-1.05365,1.63151,1.53781,0.51898,1.68968,-0.52458,-2.12841,0.00340,0.08727,
-1.05368,1.63096,1.53783,0.51829,1.68779,-0.53662,-2.12841,0.00151,0.08727,
-1.05370,1.63065,1.53785,0.51792,1.68674,-0.54327,-2.12841,0.00047,0.08727,
-1.05370,1.63054,1.53785,0.51777,1.68633,-0.54589,-2.12841,0.00006,0.08727,
-1.05370,1.63054,1.53785,0.51777,1.68633,-0.54589,-2.12841,0.00006,0.08727,
-1.05370,1.63049,1.53782,0.51771,1.68621,-0.54666,-2.12838,-0.00006,0.08730,
-1.05371,1.63043,1.53755,0.51764,1.68643,-0.54519,-2.12818,0.00017,0.08750,
-1.05371,1.63039,1.53687,0.51758,1.68730,-0.53967,-2.12767,0.00103,0.08801,
-1.05371,1.63035,1.53563,0.51753,1.68901,-0.52872,-2.12674,0.00275,0.08894,
-1.05371,1.63031,1.53372,0.51749,1.69172,-0.51137,-2.12531,0.00546,0.09036,
-1.05372,1.63028,1.53105,0.51745,1.69553,-0.48702,-2.12330,0.00926,0.09232,
-1.05372,1.63025,1.52758,0.51742,1.70047,-0.45541,-2.12069,0.01421,0.09483,
-1.05372,1.63024,1.52328,0.51740,1.70654,-0.41656,-2.11746,0.02028,0.09790,
-1.05372,1.63023,1.51817,0.51738,1.71370,-0.37079,-2.11360,0.02744,0.10150,
-1.05372,1.63022,1.51227,0.51738,1.72185,-0.31864,-2.10913,0.03559,0.10558,
-1.05372,1.63023,1.50562,0.51738,1.73088,-0.26086,-2.10409,0.04463,0.11010,
-1.05372,1.63023,1.49829,0.51739,1.74066,-0.19835,-2.09852,0.05440,0.11497,
-1.05372,1.63025,1.49036,0.51741,1.75101,-0.13217,-2.09248,0.06475,0.12012,
-1.05372,1.63026,1.48192,0.51743,1.76175,-0.06346,-2.08602,0.07549,0.12546,
-1.05372,1.63028,1.47306,0.51745,1.77270,0.00655,-2.07922,0.08644,0.13090,
-1.05371,1.63031,1.46388,0.51748,1.78365,0.07663,-2.07214,0.09739,0.13634,
-1.05371,1.63033,1.45450,0.51751,1.79442,0.14551,-2.06488,0.10816,0.14168,
-1.05371,1.63036,1.44502,0.51754,1.80482,0.21198,-2.05750,0.11856,0.14683,
-1.05371,1.63038,1.43553,0.51758,1.81466,0.27489,-2.05008,0.12839,0.15170,
-1.05371,1.63041,1.42614,0.51761,1.82377,0.33319,-2.04269,0.13751,0.15622,
-1.05371,1.63043,1.41693,0.51764,1.83202,0.38595,-2.03539,0.14576,0.16030,
-1.05371,1.63045,1.40799,0.51766,1.83929,0.43243,-2.02825,0.15303,0.16390,
-1.05371,1.63047,1.39938,0.51769,1.84549,0.47209,-2.02131,0.15923,0.16696,
-1.05370,1.63049,1.39114,0.51771,1.85057,0.50459,-2.01461,0.16431,0.16948,
-1.05370,1.63050,1.38329,0.51772,1.85453,0.52991,-2.00817,0.16827,0.17144,
-1.05370,1.63051,1.37586,0.51773,1.85740,0.54829,-2.00200,0.17114,0.17286,
-1.05370,1.63051,1.36881,0.51774,1.85929,0.56032,-1.99609,0.17302,0.17379,
-1.05370,1.63052,1.36209,0.51775,1.86033,0.56697,-1.99040,0.17406,0.17430,
-1.05370,1.63052,1.35564,0.51775,1.86074,0.56959,-1.98489,0.17447,0.17450,
-1.05370,1.63052,1.34933,0.51775,1.86080,0.56999,-1.97948,0.17453,0.17453,
-1.05370,1.63052,1.34294,0.51775,1.86092,0.57100,-1.97401,0.17465,0.17456,
-1.05370,1.63052,1.33641,0.51775,1.86069,0.57110,-1.96839,0.17442,0.17424,
-1.05370,1.63052,1.32963,0.51775,1.85983,0.56955,-1.96251,0.17356,0.17330,
-1.05370,1.63052,1.32251,0.51775,1.85811,0.56579,-1.95628,0.17185,0.17151,
-1.05370,1.63052,1.31502,0.51775,1.85540,0.55943,-1.94966,0.16913,0.16873,
-1.05370,1.63052,1.30714,0.51775,1.85159,0.55022,-1.94262,0.16533,0.16487,
-1.05370,1.63052,1.29886,0.51775,1.84665,0.53805,-1.93515,0.16038,0.15988,
-1.05370,1.63052,1.29022,0.51775,1.84057,0.52293,-1.92730,0.15430,0.15378,
-1.05370,1.63052,1.28127,0.51775,1.83341,0.50498,-1.91909,0.14715,0.14660,
-1.05370,1.63052,1.27206,0.51775,1.82525,0.48442,-1.91059,0.13899,0.13844,
-1.05370,1.63052,1.26267,0.51775,1.81622,0.46155,-1.90188,0.12995,0.12941,
-1.05370,1.63052,1.25320,0.51775,1.80644,0.43674,-1.89304,0.12018,0.11965,
-1.05370,1.63052,1.24374,0.51775,1.79609,0.41041,-1.88416,0.10982,0.10932,
-1.05370,1.63052,1.23438,0.51775,1.78534,0.38303,-1.87534,0.09908,0.09860,
-1.05370,1.63052,1.22524,0.51775,1.77439,0.35507,-1.86670,0.08813,0.08769,
-1.05370,1.63052,1.21642,0.51775,1.76343,0.32706,-1.85832,0.07717,0.07677,
-1.05370,1.63052,1.20801,0.51775,1.75266,0.29950,-1.85032,0.06639,0.06605,
-1.05370,1.63052,1.20012,0.51775,1.74226,0.27288,-1.84279,0.05600,0.05570,
-1.05370,1.63052,1.19284,0.51775,1.73242,0.24767,-1.83582,0.04616,0.04590,
-1.05370,1.63052,1.18623,0.51775,1.72330,0.22429,-1.82948,0.03704,0.03683,
-1.05370,1.63052,1.18036,0.51775,1.71505,0.20311,-1.82384,0.02879,0.02862,
-1.05370,1.63052,1.17528,0.51775,1.70778,0.18445,-1.81895,0.02151,0.02139,
-1.05370,1.63052,1.17101,0.51775,1.70158,0.16852,-1.81484,0.01531,0.01522,
-1.05370,1.63052,1.16756,0.51775,1.69649,0.15546,-1.81151,0.01023,0.01017,
-1.05370,1.63052,1.16491,0.51775,1.69253,0.14528,-1.80894,0.00627,0.00623,
-1.05370,1.63052,1.16301,0.51775,1.68966,0.13789,-1.80710,0.00339,0.00337,
-1.05370,1.63052,1.16178,0.51775,1.68778,0.13305,-1.80590,0.00151,0.00150,
-1.05370,1.63052,1.16110,0.51775,1.68674,0.13038,-1.80525,0.00047,0.00047,
-1.05370,1.63052,1.16084,0.51775,1.68633,0.12932,-1.80499,0.00006,0.00006,
-1.05370,1.63052,1.16084,0.51775,1.68633,0.12932,-1.80499,0.00006,0.00006,
-1.05370,1.63052,1.16072,0.51775,1.68621,0.12913,-1.80491,-0.00006,-0.00009,
-1.05370,1.63052,1.16061,0.51775,1.68644,0.13048,-1.80500,0.00017,-0.00011,
-1.05370,1.63052,1.16050,0.51775,1.68730,0.13464,-1.80541,0.00103,0.00014,
-1.05370,1.63052,1.16041,0.51775,1.68901,0.14256,-1.80625,0.00275,0.00075,
-1.05370,1.63052,1.16033,0.51775,1.69172,0.15490,-1.80759,0.00546,0.00178,
-1.05370,1.63052,1.16026,0.51775,1.69553,0.17209,-1.80948,0.00927,0.00327,
-1.05370,1.63052,1.16020,0.51775,1.70047,0.19430,-1.81194,0.01421,0.00525,
-1.05370,1.63052,1.16017,0.51775,1.70655,0.22150,-1.81497,0.02028,0.00771,
-1.05370,1.63052,1.16014,0.51775,1.71370,0.25349,-1.81854,0.02744,0.01066,
-1.05370,1.63052,1.16013,0.51775,1.72186,0.28989,-1.82262,0.03559,0.01405,
-1.05370,1.63052,1.16014,0.51775,1.73089,0.33018,-1.82714,0.04463,0.01786,
-1.05370,1.63052,1.16015,0.51775,1.74067,0.37372,-1.83203,0.05440,0.02202,
-1.05370,1.63052,1.16018,0.51775,1.75101,0.41980,-1.83721,0.06475,0.02647,
-1.05370,1.63052,1.16022,0.51775,1.76176,0.46761,-1.84259,0.07549,0.03116,
-1.05370,1.63052,1.16027,0.51775,1.77270,0.51630,-1.84807,0.08644,0.03600,
-1.05370,1.63052,1.16032,0.51775,1.78366,0.56503,-1.85356,0.09739,0.04092,
-1.05370,1.63052,1.16037,0.51775,1.79443,0.61291,-1.85895,0.10816,0.04585,
-1.05370,1.63052,1.16043,0.51775,1.80482,0.65910,-1.86416,0.11856,0.05071,
-1.05370,1.63052,1.16049,0.51775,1.81466,0.70280,-1.86909,0.12839,0.05543,
-1.05370,1.63052,1.16054,0.51775,1.82377,0.74330,-1.87366,0.13751,0.05995,
-1.05370,1.63052,1.16060,0.51775,1.83202,0.77994,-1.87779,0.14576,0.06420,
-1.05370,1.63052,1.16065,0.51775,1.83929,0.81222,-1.88143,0.15303,0.06814,
-1.05370,1.63052,1.16069,0.51775,1.84549,0.83975,-1.88454,0.15923,0.07173,
-1.05370,1.63052,1.16072,0.51775,1.85057,0.86232,-1.88709,0.16431,0.07495,
-1.05370,1.63052,1.16075,0.51775,1.85453,0.87989,-1.88907,0.16827,0.07779,
-1.05370,1.63052,1.16077,0.51775,1.85740,0.89265,-1.89052,0.17114,0.08025,
-1.05370,1.63052,1.16079,0.51775,1.85929,0.90100,-1.89146,0.17302,0.08237,
-1.05370,1.63052,1.16079,0.51775,1.86033,0.90562,-1.89198,0.17406,0.08419,
-1.05370,1.63052,1.16080,0.51775,1.86074,0.90744,-1.89219,0.17447,0.08579,
-1.05370,1.63052,1.16080,0.51775,1.86080,0.90771,-1.89222,0.17453,0.08727,
-1.05370,1.63052,1.16080,0.51775,1.86092,0.90825,-1.89231,0.17465,0.08878,
-1.05370,1.63052,1.16080,0.51775,1.86069,0.90722,-1.89240,0.17442,0.09023,
-1.05370,1.63052,1.16080,0.51775,1.85983,0.90336,-1.89248,0.17356,0.09158,
-1.05370,1.63052,1.16080,0.51775,1.85811,0.89572,-1.89255,0.17185,0.09280,
-1.05370,1.63052,1.16080,0.51775,1.85540,0.88361,-1.89262,0.16913,0.09386,
-1.05370,1.63052,1.16080,0.51775,1.85159,0.86662,-1.89267,0.16533,0.09473,
-1.05370,1.63052,1.16080,0.51775,1.84665,0.84456,-1.89271,0.16038,0.09541,
-1.05370,1.63052,1.16081,0.51775,1.84057,0.81746,-1.89274,0.15430,0.09589,
-1.05370,1.63052,1.16081,0.51775,1.83341,0.78552,-1.89276,0.14715,0.09617,
-1.05370,1.63052,1.16081,0.51775,1.82525,0.74914,-1.89276,0.13899,0.09627,
-1.05370,1.63052,1.16081,0.51775,1.81622,0.70882,-1.89276,0.12995,0.09618,
-1.05370,1.63052,1.16081,0.51775,1.80644,0.66521,-1.89274,0.12018,0.09593,
-1.05370,1.63052,1.16080,0.51775,1.79609,0.61904,-1.89272,0.10982,0.09553,
-1.05370,1.63052,1.16080,0.51775,1.78534,0.57110,-1.89269,0.09908,0.09501,
-1.05370,1.63052,1.16080,0.51775,1.77439,0.52225,-1.89265,0.08813,0.09439,
-1.05370,1.63052,1.16080,0.51775,1.76343,0.47336,-1.89261,0.07717,0.09369,
-1.05370,1.63052,1.16080,0.51775,1.75266,0.42531,-1.89256,0.06639,0.09294,
-1.05370,1.63052,1.16080,0.51775,1.74226,0.37893,-1.89251,0.05600,0.09217,
-1.05370,1.63052,1.16080,0.51775,1.73242,0.33504,-1.89247,0.04616,0.09139,
-1.05370,1.63052,1.16080,0.51775,1.72330,0.29437,-1.89242,0.03704,0.09064,
-1.05370,1.63052,1.16080,0.51775,1.71505,0.25756,-1.89238,0.02879,0.08994,
-1.05370,1.63052,1.16080,0.51775,1.70778,0.22513,-1.89234,0.02151,0.08929,
-1.05370,1.63052,1.16080,0.51775,1.70158,0.19747,-1.89231,0.01531,0.08873,
-1.05370,1.63052,1.16080,0.51775,1.69649,0.17479,-1.89228,0.01023,0.08826,
-1.05370,1.63052,1.16080,0.51775,1.69253,0.15713,-1.89225,0.00627,0.08788,
-1.05370,1.63052,1.16080,0.51775,1.68966,0.14430,-1.89224,0.00339,0.08760,
-1.05370,1.63052,1.16080,0.51775,1.68778,0.13591,-1.89223,0.00151,0.08742,
-1.05370,1.63052,1.16080,0.51775,1.68674,0.13127,-1.89222,0.00047,0.08731,
-1.05370,1.63052,1.16080,0.51775,1.68633,0.12944,-1.89222,0.00006,0.08727,
-1.05370,1.63052,1.16080,0.51775,1.68633,0.12944,-1.89222,0.00006,0.08727,
-1.05370,1.63052,1.16080,0.51775,1.68634,0.13084,-1.89245,0.00007,0.08749,
-1.05370,1.63052,1.16080,0.51775,1.68735,0.14374,-1.89389,0.00108,0.08892,
-1.05370,1.63052,1.16080,0.51775,1.68998,0.17503,-1.89727,0.00371,0.09228,
-1.05370,1.63052,1.16080,0.51775,1.69449,0.22728,-1.90285,0.00823,0.09785,
-1.05370,1.63052,1.16080,0.51775,1.70086,0.29951,-1.91053,0.01459,0.10553,
-1.05370,1.63052,1.16080,0.51775,1.70880,0.38801,-1.91992,0.02253,0.11492,
-1.05370,1.63052,1.16080,0.51775,1.71788,0.48709,-1.93041,0.03162,0.12542,
-1.05370,1.63052,1.16080,0.51775,1.72757,0.58988,-1.94129,0.04130,0.13630,
-1.05370,1.63052,1.16080,0.51775,1.73727,0.68912,-1.95178,0.05100,0.14680,
-1.05370,1.63052,1.16080,0.51775,1.74641,0.77794,-1.96117,0.06015,0.15620,
-1.05370,1.63052,1.16080,0.51775,1.75453,0.85064,-1.96885,0.06826,0.16389,
-1.05370,1.63052,1.16080,0.51775,1.76128,0.90348,-1.97443,0.07501,0.16947,
-1.05370,1.63052,1.16080,0.51775,1.76654,0.93546,-1.97781,0.08027,0.17285,
-1.05370,1.63052,1.16080,0.51775,1.77046,0.94914,-1.97925,0.08419,0.17430,
-1.05370,1.63052,1.16080,0.51775,1.77353,0.95135,-1.97948,0.08727,0.17453,
-1.05370,1.63052,1.16080,0.51775,1.77683,0.95539,-1.97968,0.09057,0.17473,
-1.05370,1.63052,1.16080,0.51775,1.77970,0.94722,-1.97736,0.09344,0.17241,
-1.05370,1.63052,1.16080,0.51775,1.78185,0.91946,-1.97104,0.09558,0.16609,
-1.05370,1.63052,1.16080,0.51775,1.78314,0.86932,-1.96013,0.09688,0.15518,
-1.05370,1.63052,1.16080,0.51775,1.78356,0.79776,-1.94486,0.09729,0.13991,
-1.05370,1.63052,1.16080,0.51775,1.78318,0.70860,-1.92601,0.09692,0.12106,
-1.05370,1.63052,1.16080,0.51775,1.78216,0.60780,-1.90482,0.09589,0.09987,
-1.05370,1.63052,1.16080,0.51775,1.78069,0.50255,-1.88277,0.09442,0.07782,
-1.05370,1.63052,1.16080,0.51775,1.77899,0.40048,-1.86144,0.09273,0.05649,
-1.05370,1.63052,1.16080,0.51775,1.77729,0.30883,-1.84233,0.09103,0.03738,
-1.05370,1.63052,1.16080,0.51775,1.77579,0.23363,-1.82667,0.08953,0.02172,
-1.05370,1.63052,1.16080,0.51775,1.77464,0.17887,-1.81528,0.08837,0.01033,
-1.05370,1.63052,1.16080,0.51775,1.77391,0.14567,-1.80838,0.08764,0.00343,
-1.05370,1.63052,1.16080,0.51775,1.77359,0.13146,-1.80543,0.08732,0.00048,
-1.05370,1.63052,1.16080,0.51775,1.77359,0.13146,-1.80543,0.08732,0.00048,
-1.05370,1.63052,1.16080,0.51775,1.77367,0.12704,-1.80431,0.08740,-0.00068,
-1.05370,1.63052,1.16080,0.51775,1.77498,0.13425,-1.80458,0.08872,-0.00069,
-1.05370,1.63052,1.16080,0.51775,1.77826,0.16006,-1.80706,0.09199,0.00116,
-1.05370,1.63052,1.16080,0.51775,1.78378,0.20716,-1.81208,0.09751,0.00520,
-1.05370,1.63052,1.16080,0.51775,1.79143,0.27466,-1.81955,0.10517,0.01138,
-1.05370,1.63052,1.16080,0.51775,1.80083,0.35890,-1.82904,0.11457,0.01942,
-1.05370,1.63052,1.16080,0.51775,1.81137,0.45425,-1.83989,0.12510,0.02883,
-1.05370,1.63052,1.16080,0.51775,1.82230,0.55389,-1.85131,0.13604,0.03899,
-1.05370,1.63052,1.16080,0.51775,1.83287,0.65056,-1.86244,0.14660,0.04924,
-1.05370,1.63052,1.16080,0.51775,1.84232,0.73740,-1.87247,0.15606,0.05894,
-1.05370,1.63052,1.16080,0.51775,1.85007,0.80867,-1.88072,0.16380,0.06755,
-1.05370,1.63052,1.16080,0.51775,1.85570,0.86058,-1.88674,0.16943,0.07468,
-1.05370,1.63052,1.16080,0.51775,1.85911,0.89206,-1.89040,0.17284,0.08017,
-1.05370,1.63052,1.16080,0.51775,1.86056,0.90553,-1.89196,0.17430,0.08419,
-1.05370,1.63052,1.16080,0.51775,1.86080,0.90771,-1.89222,0.17453,0.08727,
-1.05370,1.63052,1.16080,0.51775,1.86100,0.91179,-1.89293,0.17473,0.09061,
-1.05370,1.63052,1.16080,0.51775,1.85869,0.90426,-1.89356,0.17242,0.09351,
-1.05370,1.63052,1.16080,0.51775,1.85237,0.87813,-1.89402,0.16610,0.09568,
-1.05370,1.63052,1.16080,0.51775,1.84147,0.83076,-1.89430,0.15520,0.09699,
-1.05370,1.63052,1.16080,0.51775,1.82619,0.76302,-1.89439,0.13992,0.09741,
-1.05370,1.63052,1.16080,0.51775,1.80734,0.67857,-1.89431,0.12107,0.09703,
-1.05370,1.63052,1.16080,0.51775,1.78615,0.58304,-1.89409,0.09988,0.09599,
-1.05370,1.63052,1.16080,0.51775,1.76410,0.48327,-1.89377,0.07783,0.09450,
-1.05370,1.63052,1.16080,0.51775,1.74277,0.38649,-1.89340,0.05650,0.09279,
-1.05370,1.63052,1.16080,0.51775,1.72365,0.29958,-1.89303,0.03739,0.09107,
-1.05370,1.63052,1.16080,0.51775,1.70799,0.22826,-1.89271,0.02173,0.08955,
-1.05370,1.63052,1.16080,0.51775,1.69660,0.17632,-1.89246,0.01033,0.08838,
-1.05370,1.63052,1.16080,0.51775,1.68969,0.14482,-1.89230,0.00343,0.08765,
-1.05370,1.63052,1.16080,0.51775,1.68674,0.13134,-1.89223,0.00048,0.08732,
-1.05370,1.63052,1.16080,0.51775,1.68674,0.13134,-1.89223,0.00048,0.08732,
-1.05370,1.63052,1.16080,0.51775,1.68558,0.12738,-1.89243,-0.00068,0.08740,
-1.05370,1.63052,1.16080,0.51775,1.68557,0.13559,-1.89384,-0.00070,0.08871,
-1.05370,1.63052,1.16080,0.51775,1.68743,0.16332,-1.89720,0.00116,0.09199,
-1.05370,1.63052,1.16080,0.51775,1.69146,0.21335,-1.90277,0.00520,0.09751,
-1.05370,1.63052,1.16080,0.51775,1.69765,0.28473,-1.91044,0.01138,0.10516,
-1.05370,1.63052,1.16080,0.51775,1.70569,0.37364,-1.91983,0.01942,0.11456,
-1.05370,1.63052,1.16080,0.51775,1.71509,0.47415,-1.93033,0.02883,0.12510,
-1.05370,1.63052,1.16080,0.51775,1.72525,0.57910,-1.94122,0.03898,0.13603,
-1.05370,1.63052,1.16080,0.51775,1.73550,0.68086,-1.95173,0.04924,0.14660,
-1.05370,1.63052,1.16080,0.51775,1.74521,0.77223,-1.96113,0.05894,0.15606,
-1.05370,1.63052,1.16080,0.51775,1.75382,0.84720,-1.96883,0.06755,0.16380,
-1.05370,1.63052,1.16080,0.51775,1.76094,0.90179,-1.97442,0.07468,0.16943,
-1.05370,1.63052,1.16080,0.51775,1.76644,0.93489,-1.97780,0.08017,0.17284,
-1.05370,1.63052,1.16080,0.51775,1.77046,0.94905,-1.97925,0.08419,0.17430,
-1.05370,1.63052,1.16080,0.51775,1.77353,0.95135,-1.97948,0.08727,0.17453,
-1.05370,1.63052,1.16080,0.51775,1.77687,0.95562,-1.97968,0.09061,0.17473,
-1.05370,1.63052,1.16080,0.51775,1.77977,0.94764,-1.97736,0.09351,0.17242,
-1.05370,1.63052,1.16080,0.51775,1.78194,0.92003,-1.97104,0.09568,0.16610,
-1.05370,1.63052,1.16080,0.51775,1.78325,0.86999,-1.96014,0.09699,0.15520,
-1.05370,1.63052,1.16080,0.51775,1.78367,0.79845,-1.94486,0.09741,0.13992,
-1.05370,1.63052,1.16080,0.51775,1.78329,0.70927,-1.92601,0.09703,0.12107,
-1.05370,1.63052,1.16080,0.51775,1.78226,0.60840,-1.90482,0.09599,0.09988,
-1.05370,1.63052,1.16080,0.51775,1.78077,0.50305,-1.88277,0.09450,0.07783,
-1.05370,1.63052,1.16080,0.51775,1.77905,0.40086,-1.86145,0.09279,0.05650,
-1.05370,1.63052,1.16080,0.51775,1.77733,0.30909,-1.84233,0.09107,0.03739,
-1.05370,1.63052,1.16080,0.51775,1.77582,0.23379,-1.82667,0.08955,0.02173,
-1.05370,1.63052,1.16080,0.51775,1.77465,0.17895,-1.81528,0.08838,0.01033,
-1.05370,1.63052,1.16080,0.51775,1.77391,0.14570,-1.80838,0.08765,0.00343,
-1.05370,1.63052,1.16080,0.51775,1.77359,0.13147,-1.80543,0.08732,0.00048,
-1.05370,1.63052,1.16080,0.51775,1.77359,0.13147,-1.80543,0.08732,0.00048,
-1.05370,1.63052,1.16080,0.51775,1.77367,0.12704,-1.80431,0.08740,-0.00068,
-1.05370,1.63052,1.16080,0.51775,1.77498,0.13423,-1.80458,0.08871,-0.00070,
-1.05370,1.63052,1.16080,0.51775,1.77826,0.16004,-1.80706,0.09199,0.00116,
-1.05370,1.63052,1.16080,0.51775,1.78377,0.20713,-1.81208,0.09751,0.00520,
-1.05370,1.63052,1.16080,0.51775,1.79143,0.27463,-1.81955,0.10516,0.01138,
-1.05370,1.63052,1.16080,0.51775,1.80083,0.35887,-1.82904,0.11456,0.01942,
-1.05370,1.63052,1.16080,0.51775,1.81136,0.45423,-1.83989,0.12510,0.02883,
-1.05370,1.63052,1.16080,0.51775,1.82230,0.55387,-1.85131,0.13603,0.03898,
-1.05370,1.63052,1.16080,0.51775,1.83286,0.65055,-1.86244,0.14660,0.04924,
-1.05370,1.63052,1.16080,0.51775,1.84232,0.73739,-1.87247,0.15606,0.05894,
-1.05370,1.63052,1.16080,0.51775,1.85007,0.80866,-1.88072,0.16380,0.06755,
-1.05370,1.63052,1.16080,0.51775,1.85570,0.86058,-1.88674,0.16943,0.07468,
-1.05370,1.63052,1.16080,0.51775,1.85911,0.89206,-1.89040,0.17284,0.08017,
-1.05370,1.63052,1.16080,0.51775,1.86056,0.90553,-1.89196,0.17430,0.08419,
-1.05370,1.63052,1.16080,0.51775,1.86080,0.90771,-1.89222,0.17453,0.08727,
-1.05370,1.63052,1.16080,0.51775,1.86100,0.91179,-1.89293,0.17473,0.09061,
-1.05370,1.63052,1.16080,0.51775,1.85869,0.90426,-1.89356,0.17242,0.09351,
-1.05370,1.63052,1.16080,0.51775,1.85237,0.87813,-1.89402,0.16610,0.09568,
-1.05370,1.63052,1.16080,0.51775,1.84147,0.83076,-1.89430,0.15520,0.09699,
-1.05370,1.63052,1.16080,0.51775,1.82619,0.76302,-1.89439,0.13992,0.09741,
-1.05370,1.63052,1.16080,0.51775,1.80734,0.67857,-1.89431,0.12107,0.09703,
-1.05370,1.63052,1.16080,0.51775,1.78615,0.58304,-1.89409,0.09988,0.09599,
-1.05370,1.63052,1.16080,0.51775,1.76410,0.48327,-1.89377,0.07783,0.09450,
-1.05370,1.63052,1.16080,0.51775,1.74277,0.38649,-1.89340,0.05650,0.09279,
-1.05370,1.63052,1.16080,0.51775,1.72365,0.29958,-1.89303,0.03739,0.09107,
-1.05370,1.63052,1.16080,0.51775,1.70799,0.22826,-1.89271,0.02173,0.08955,
-1.05370,1.63052,1.16080,0.51775,1.69660,0.17632,-1.89246,0.01033,0.08838,
-1.05370,1.63052,1.16080,0.51775,1.68969,0.14482,-1.89230,0.00343,0.08765,
-1.05370,1.63052,1.16080,0.51775,1.68674,0.13134,-1.89223,0.00048,0.08732,
-1.05370,1.63052,1.16080,0.51775,1.68674,0.13134,-1.89223,0.00048,0.08732,
-1.05370,1.63052,1.16080,0.51775,1.68543,0.12534,-1.89223,-0.00083,0.08720,
-1.05370,1.63052,1.16080,0.51775,1.68451,0.12110,-1.89240,-0.00175,0.08725,
-1.05370,1.63052,1.16080,0.51775,1.68430,0.12004,-1.89288,-0.00196,0.08763,
-1.05370,1.63052,1.16080,0.51775,1.68505,0.12324,-1.89378,-0.00122,0.08843,
-1.05370,1.63052,1.16080,0.51775,1.68692,0.13149,-1.89518,0.00066,0.08974,
-1.05370,1.63052,1.16080,0.51775,1.69003,0.14527,-1.89712,0.00376,0.09161,
-1.05370,1.63052,1.16080,0.51775,1.69442,0.16481,-1.89962,0.00816,0.09405,
-1.05370,1.63052,1.16080,0.51775,1.70010,0.19010,-1.90267,0.01384,0.09707,
-1.05370,1.63052,1.16080,0.51775,1.70702,0.22092,-1.90626,0.02075,0.10063,
-1.05370,1.63052,1.16080,0.51775,1.71508,0.25687,-1.91034,0.02882,0.10470,
-1.05370,1.63052,1.16080,0.51775,1.72416,0.29739,-1.91486,0.03790,0.10922,
-1.05370,1.63052,1.16080,0.51775,1.73411,0.34179,-1.91974,0.04785,0.11412,
-1.05370,1.63052,1.16080,0.51775,1.74475,0.38927,-1.92490,0.05848,0.11931,
-1.05370,1.63052,1.16080,0.51775,1.75588,0.43896,-1.93025,0.06961,0.12470,
-1.05370,1.63052,1.16080,0.51775,1.76729,0.48993,-1.93570,0.08103,0.13020,
-1.05370,1.63052,1.16080,0.51775,1.77877,0.54121,-1.94115,0.09251,0.13571,
-1.05370,1.63052,1.16080,0.51775,1.79011,0.59185,-1.94651,0.10384,0.14112,
-1.05370,1.63052,1.16080,0.51775,1.80109,0.64089,-1.95168,0.11482,0.14635,
-1.05370,1.63052,1.16080,0.51775,1.81151,0.68746,-1.95657,0.12525,0.15130,
-1.05370,1.63052,1.16080,0.51775,1.82120,0.73074,-1.96110,0.13493,0.15588,
-1.05370,1.63052,1.16080,0.51775,1.82998,0.77000,-1.96520,0.14372,0.16004,
-1.05370,1.63052,1.16080,0.51775,1.83774,0.80467,-1.96881,0.15148,0.16370,
-1.05370,1.63052,1.16080,0.51775,1.84437,0.83430,-1.97188,0.15811,0.16682,
-1.05370,1.63052,1.16080,0.51775,1.84981,0.85862,-1.97441,0.16355,0.16938,
-1.05370,1.63052,1.16080,0.51775,1.85406,0.87760,-1.97637,0.16780,0.17137,
-1.05370,1.63052,1.16080,0.51775,1.85715,0.89139,-1.97780,0.17088,0.17282,
-1.05370,1.63052,1.16080,0.51775,1.85917,0.90044,-1.97873,0.17290,0.17377,
-1.05370,1.63052,1.16080,0.51775,1.86029,0.90544,-1.97925,0.17402,0.17429,
-1.05370,1.63052,1.16080,0.51775,1.86073,0.90741,-1.97945,0.17447,0.17450,
-1.05370,1.63052,1.16080,0.51775,1.86080,0.90771,-1.97948,0.17453,0.17453,
-1.05370,1.63052,1.16080,0.51775,1.86093,0.90832,-1.97951,0.17467,0.17456,
-1.05370,1.63052,1.16080,0.51775,1.86072,0.90736,-1.97919,0.17445,0.17425,
-1.05370,1.63052,1.16080,0.51775,1.85987,0.90356,-1.97825,0.17360,0.17330,
-1.05370,1.63052,1.16080,0.51775,1.85817,0.89598,-1.97646,0.17190,0.17152,
-1.05370,1.63052,1.16080,0.51775,1.85546,0.88392,-1.97368,0.16920,0.16874,
-1.05370,1.63052,1.16080,0.51775,1.85166,0.86696,-1.96982,0.16540,0.16488,
-1.05370,1.63052,1.16080,0.51775,1.84672,0.84493,-1.96484,0.16046,0.15989,
-1.05370,1.63052,1.16080,0.51775,1.84065,0.81785,-1.95873,0.15439,0.15379,
-1.05370,1.63052,1.16080,0.51775,1.83350,0.78593,-1.95155,0.14723,0.14661,
-1.05370,1.63052,1.16080,0.51775,1.82534,0.74955,-1.94339,0.13907,0.13845,
-1.05370,1.63052,1.16080,0.51775,1.81630,0.70923,-1.93436,0.13004,0.12942,
-1.05370,1.63052,1.16080,0.51775,1.80652,0.66561,-1.92460,0.12026,0.11966,
-1.05370,1.63052,1.16080,0.51775,1.79617,0.61942,-1.91427,0.10990,0.10933,
-1.05370,1.63052,1.16080,0.51775,1.78542,0.57146,-1.90356,0.09915,0.09861,
-1.05370,1.63052,1.16080,0.51775,1.77446,0.52258,-1.89264,0.08819,0.08770,
-1.05370,1.63052,1.16080,0.51775,1.76349,0.47366,-1.88173,0.07723,0.07678,
-1.05370,1.63052,1.16080,0.51775,1.75271,0.42557,-1.87100,0.06645,0.06605,
-1.05370,1.63052,1.16080,0.51775,1.74231,0.37916,-1.86065,0.05604,0.05570,
-1.05370,1.63052,1.16080,0.51775,1.73246,0.33523,-1.85086,0.04619,0.04591,
-1.05370,1.63052,1.16080,0.51775,1.72334,0.29453,-1.84178,0.03707,0.03684,
-1.05370,1.63052,1.16080,0.51775,1.71508,0.25768,-1.83357,0.02881,0.02863,
-1.05370,1.63052,1.16080,0.51775,1.70780,0.22522,-1.82634,0.02153,0.02139,
-1.05370,1.63052,1.16080,0.51775,1.70159,0.19753,-1.82017,0.01533,0.01523,
-1.05370,1.63052,1.16080,0.51775,1.69650,0.17483,-1.81512,0.01024,0.01017,
-1.05370,1.63052,1.16080,0.51775,1.69254,0.15715,-1.81118,0.00627,0.00623,
-1.05370,1.63052,1.16080,0.51775,1.68966,0.14432,-1.80832,0.00340,0.00337,
-1.05370,1.63052,1.16080,0.51775,1.68778,0.13591,-1.80645,0.00151,0.00150,
-1.05370,1.63052,1.16080,0.51775,1.68674,0.13127,-1.80542,0.00047,0.00047,
-1.05370,1.63052,1.16080,0.51775,1.68633,0.12944,-1.80501,0.00006,0.00006,
