bpm=100
1	 0.6	 0	 0	 0	 0	 0	 0
1	 0.6	 0	 0	 0	 0	 0	 0
1	 0.6	 0	 0	 0	 0	 0	 0
1	 0.6	 0	 0	 0	 0	 0	 0
2	 0.6	 0	 0	 0	 0	 0	 0
2	 0.6	 0	 0	 0	 0	 0	 0
2	 0.6	 0	 0	 0	 0	 0	 0
2	 0.6	 0	 0	 0	 0	 0	 0
3	 0.6	 0	 0	 0	 0	 0	 0
3	 0.6	 0	 0	 0	 0	 0	 0
3	 0.6	 0	 0	 0	 0	 0	 0
3	 0.6	 0	 0	 0	 0	 0	 0
4	 0.6	 5	 0	 0	 0	 0	 1
4	 0.6	 5	 0	 0	 0	 0	 1
4	 0.6	 5	 0	 0	 0	 0	 1
4	 0.6	 5	 0	 0	 0	 0	 1
5	 0.6	 8	 0	 0	 0	 1	 1
5	 0.6	 5	 0	 0	 0	 0	 1
5	 0.6	 5	 0	 0	 0	 1	 1
5	 0.6	 5	 1	 0	 0	 0	 1
5	 0.100	 2	 0	 1	 0	 0	 0 
6	 0.200	 7	 8	 1	 1	 1	 0	 
6	 0.600	 0	 0	 0	 0	 0	 0	 
6	 0.600	 0	 0	 0	 0	 0	 0 
6	 0.600	 0	 0	 0	 0	 0	 0	 
6	 0.200	 3	 0	 1	 0	 0	 0	 
6	 0.100	 0	 3	 0	 1	 0	 0	 
6	 0.100	 2	 0	 1	 0	 0	 0
7	 0.200	 7	 0	 1	 0	 1	 0	 
7	 0.600	 0	 0	 0	 0	 0	 0	 
7	 0.600	 0	 0	 0	 0	 0	 0	 
7	 0.600	 0	 0	 0	 0	 0	 0	 
8	 0.600	 7	 8	 1	 1	 1	 0	 
8	 0.600	 0	 0	 0	 0	 0	 0	 
8	 0.600	 0	 0	 0	 0	 0	 0	 
8	 0.200	 6	 0	 1	 0	 0	 0	 
8	 0.200	 0	 6	 0	 1	 0	 0	 
9	 0.200	 6	 0	 1	 0	 0	 0	 
9	 0.600	 0	 0	 0	 0	 0	 0	 
9	 0.600	 0	 0	 0	 0	 0	 0	 
9	 0.600	 0	 0	 0	 0	 0	 0	 	 
16	 0.600	 5	 0	 1	 0	 0	 1	 
16	 0.600	 5	 0	 1	 0	 0	 0	 
16	 0.200	 0	 4	 0	 1	 0	 0	 
16	 0.200	 2	 0	 1	 0	 0	 0	 
16	 0.100	 0	 2	 0	 1	 0	 0	 
17	 0.100	 7	 0	 1	 0	 1	 1	 
17	 0.200	 0	 0	 0	 0	 0	 1	 
17	 0.200	 5	 0	 1	 0	 0	 1	 
17	 0.200	 5	 1	 1	 1	 0	 1	 
17	 0.200	 5	 0	 1	 0	 0	 1	 
17	 0.200	 5	 0	 1	 0	 0	 1	 
17	 0.200	 5	 0	 1	 0	 1	 1	 
17	 0.200	 5	 0	 1	 0	 0	 1	 
17	 0.200	 5	 0	 1	 0	 0	 1	 
17	 0.200	 5	 1	 1	 1	 0	 1	 
17	 0.200	 5	 0	 1	 0	 0	 1	 
17	 0.200	 5	 0	 1	 0	 0	 1	 
18	 0.200	 5	 0	 1	 0	 1	 1	 
18	 0.200	 5	 0	 1	 0	 0	 1	 
18	 0.200	 5	 0	 1	 0	 0	 1	 
18	 0.200	 5	 1	 1	 1	 0	 1	 
18	 0.200	 5	 0	 1	 0	 0	 1	 
18	 0.200	 5	 0	 1	 0	 0	 1	 
18	 0.200	 5	 0	 1	 0	 1	 1	 
18	 0.200	 5	 0	 1	 0	 0	 1	 
18	 0.200	 5	 0	 1	 0	 0	 1	 
18	 0.200	 5	 1	 1	 1	 0	 1	 
18	 0.200	 5	 0	 1	 0	 0	 1	 
18	 0.200	 5	 0	 1	 0	 0	 0	 
19	 0.200	 5	 0	 1	 0	 1	 1	 
19	 0.200	 5	 0	 1	 0	 0	 1	 
19	 0.200	 5	 0	 1	 0	 0	 1	 
19	 0.200	 5	 1	 1	 1	 0	 1	 
19	 0.200	 5	 0	 1	 0	 0	 1	 
19	 0.200	 5	 0	 1	 0	 0	 1	 
19	 0.200	 5	 0	 1	 0	 1	 1	 
19	 0.200	 5	 0	 1	 0	 0	 1	 
19	 0.200	 5	 0	 1	 0	 0	 1	 
19	 0.200	 5	 1	 1	 1	 0	 1	 
19	 0.200	 5	 0	 1	 0	 0	 1	 
19	 0.200	 5	 0	 1	 0	 0	 1	 
20	 0.200	 5	 0	 1	 0	 1	 1	 
20	 0.200	 5	 0	 1	 0	 0	 1	 
20	 0.200	 5	 0	 1	 0	 0	 1	 
20	 0.200	 5	 1	 1	 1	 0	 1	 
20	 0.200	 5	 0	 1	 0	 0	 1	 	 
20	 0.200	 5	 0	 1	 0	 1	 1	 
20	 0.300	 4	 0	 1	 0	 0	 1	 
20	 0.100	 4	 0	 1	 0	 0	 1	 
20	 0.200	 0	 4	 0	 1	 0	 1	 
20	 0.200	 3	 0	 1	 0	 0	 1	 
20	 0.100	 0	 3	 0	 1	 0	 1	 
20	 0.100	 2	 0	 1	 0	 0	 1	 
20	 0.100	 0	 2	 0	 1	 0	 1	 
21	 0.100	 7	 0	 1	 0	 1	 0	 
21	 0.200	 6	 0	 1	 0	 0	 0	 
21	 0.200	 6	 0	 1	 0	 0	 0	 
21	 0.200	 6	 1	 1	 1	 0	 0	 
21	 0.200	 6	 0	 1	 0	 0	 0	 
21	 0.200	 6	 0	 1	 0	 1	 0	 
21	 0.200	 6	 0	 1	 0	 1	 0	 
21	 0.200	 6	 0	 1	 0	 0	 0	 
21	 0.200	 6	 0	 1	 0	 0	 0	 
21	 0.200	 6	 1	 1	 1	 0	 0	 
21	 0.200	 6	 0	 1	 0	 0	 0	 
21	 0.200	 6	 0	 1	 0	 0	 0	 
22	 0.200	 7	 0	 1	 0	 1	 0	 
22	 0.200	 6	 0	 1	 0	 0	 0	 
22	 0.200	 6	 0	 1	 0	 0	 0	 
22	 0.200	 6	 1	 1	 1	 0	 0	 
22	 0.200	 6	 0	 1	 0	 0	 0	 
22	 0.200	 6	 0	 1	 0	 1	 0	 
22	 0.200	 6	 0	 1	 0	 1	 0	 
22	 0.200	 6	 0	 1	 0	 0	 0	 
22	 0.200	 6	 0	 1	 0	 0	 0	 
22	 0.200	 0	 1	 0	 1	 0	 0	 
22	 0.200	 4	 4	 1	 1	 0	 0	 
22	 0.200	 2	 0	 1	 0	 0	 0	 
22	 0.100	 0	 2	 0	 1	 0	 0	 
23	 0.100	 7	 0	 1	 0	 1	 0	 
23	 0.200	 6	 0	 1	 0	 0	 0	 
23	 0.200	 6	 0	 1	 0	 0	 0	 
23	 0.200	 6	 1	 1	 1	 0	 0	 
23	 0.200	 6	 0	 1	 0	 0	 0	 
23	 0.200	 6	 0	 1	 0	 1	 0	 
23	 0.200	 6	 0	 1	 0	 1	 0	 
23	 0.200	 6	 0	 1	 0	 0	 0	 
23	 0.200	 6	 0	 1	 0	 0	 0	 
23	 0.200	 6	 1	 1	 1	 0	 0	 
23	 0.200	 6	 0	 1	 0	 0	 0	 
23	 0.200	 6	 0	 1	 0	 0	 0	 
24	 0.200	 7	 0	 1	 0	 1	 0	 
24	 0.200	 6	 0	 1	 0	 0	 0	 
24	 0.200	 6	 0	 1	 0	 0	 0	 
24	 0.200	 6	 1	 1	 1	 0	 0	 
24	 0.200	 6	 0	 1	 0	 0	 0	 
24	 0.200	 6	 0	 1	 0	 1	 0	 
24	 0.200	 6	 0	 1	 0	 1	 0	 
24	 0.300	 0	 4	 0	 1	 0	 0	 
24	 0.100	 4	 0	 1	 0	 0	 0	 
24	 0.200	 0	 4	 0	 1	 0	 0	 
24	 0.200	 3	 0	 1	 0	 0	 0	 
24	 0.100	 0	 3	 0	 1	 0	 0	 
24	 0.100	 2	 0	 1	 0	 0	 0	 
24	 0.100	 0	 2	 0	 1	 0	 0	 
25	 0.100	 7	 0	 1	 0	 1	 0	 
25	 0.200	 6	 0	 1	 0	 0	 0	 
25	 0.200	 6	 0	 1	 0	 0	 0	 
25	 0.200	 6	 1	 1	 1	 0	 0	 
25	 0.200	 6	 0	 1	 0	 0	 0	 
25	 0.200	 6	 0	 1	 0	 1	 0	 
25	 0.200	 6	 0	 1	 0	 1	 0	 
25	 0.200	 6	 0	 1	 0	 0	 0	 
25	 0.200	 6	 0	 1	 0	 0	 0	 
25	 0.200	 6	 1	 1	 1	 0	 0	 
25	 0.200	 6	 0	 1	 0	 0	 0	 
25	 0.200	 6	 0	 1	 0	 0	 0	 
26	 0.200	 6	 0	 1	 0	 1	 0	 
26	 0.200	 6	 0	 1	 0	 0	 0	 
26	 0.200	 6	 0	 1	 0	 0	 0	 
26	 0.200	 6	 1	 1	 1	 0	 0	 
26	 0.200	 6	 0	 1	 0	 0	 0	 
26	 0.200	 6	 0	 1	 0	 1	 0	 
26	 0.200	 6	 0	 1	 0	 1	 0	 
26	 0.200	 6	 0	 1	 0	 0	 0	 
26	 0.200	 6	 0	 1	 0	 0	 0	 
26	 0.200	 0	 1	 0	 1	 0	 0	 
26	 0.200	 4	 4	 1	 1	 0	 0	 
26	 0.200	 3	 0	 1	 0	 0	 0	 
27	 0.200	 7	 0	 1	 0	 1	 0	 
27	 0.200	 6	 0	 1	 0	 0	 0	 
27	 0.200	 6	 0	 1	 0	 0	 0	 
27	 0.200	 6	 1	 1	 1	 0	 0	 
27	 0.200	 6	 0	 1	 0	 0	 0	 
27	 0.200	 6	 0	 1	 0	 1	 0	 
27	 0.200	 6	 0	 1	 0	 1	 0	 
27	 0.200	 6	 0	 1	 0	 0	 0	 
27	 0.200	 6	 0	 1	 0	 0	 0	 
27	 0.200	 6	 1	 1	 1	 0	 0	 
27	 0.200	 6	 0	 1	 0	 0	 0	 
27	 0.200	 6	 0	 1	 0	 0	 0	 
28	 0.200	 7	 0	 1	 0	 1	 0	 
28	 0.200	 6	 0	 1	 0	 0	 0	 
28	 0.200	 6	 0	 1	 0	 0	 0	 
28	 0.200	 7	 1	 1	 1	 0	 0	 
28	 0.200	 6	 0	 1	 0	 0	 0	 
28	 0.200	 6	 0	 1	 0	 1	 0	 
28	 0.200	 7	 8	 1	 1	 1	 0	 
28	 0.300	 4	 0	 1	 0	 0	 0	 
28	 0.100	 0	 4	 0	 1	 0	 0	 
28	 0.200	 4	 0	 1	 0	 0	 0	 
28	 0.100	 0	 4	 0	 1	 0	 0	 
28	 0.100	 3	 0	 1	 0	 0	 0	 
28	 0.100	 0	 3	 0	 1	 0	 0	 
28	 0.100	 2	 0	 1	 0	 0	 0	 
29	 0.200	 7	 0	 1	 0	 1	 0	 
29	 0.600	 6	 0	 1	 0	 0	 0	 
29	 0.600	 6	 0	 1	 0	 0	 0	 
29	 0.200	 0	 4	 0	 1	 0	 0	 
29	 0.400	 0	 0	 0	 0	 0	 0	 
29	 0.200	 3	 3	 1	 1	 0	 0	 
29	 0.200	 2	 2	 1	 1	 0	 0	 
30	 0.200	 7	 8	 1	 1	 1	 0	 
30	 0.600	 0	 0	 0	 0	 0	 0	 
32	 0.600	 0	 0	 0	 0	 0	 1	 
33	 0.600	 2	 0	 1	 0	 0	 1	 
33	 0.600	 5	 0	 1	 0	 0	 1		 
33	 0.600	 0	 5	 0	 1	 0	 1	 
33	 0.600	 5	 0	 1	 0	 0	 1	 
34	 0.600	 0	 5	 0	 1	 0	 1	 
34	 0.600	 0	 5	 0	 1	 0	 1		 
34	 0.600	 5	 0	 1	 0	 0	 1	
34	 0.600	 0	 5	 0	 1	 0	 1
34	 0.200	 5	 0	 1	 0	 0	 1	 
34	 0.200	 0	 5	 0	 1	 0	 0	 
35	 0.200	 2	 3	 1	 1	 0	 0	 
35	 0.200	 2	 3	 1	 1	 0	 0	 
35	 0.200	 2	 3	 1	 1	 0	 0	 
35	 0.200	 0	 0	 0	 0	 0	 0	 
35	 0.200	 2	 3	 1	 1	 0	 0	 
35	 0.200	 2	 3	 1	 1	 0	 0	 
35	 0.200	 2	 3	 1	 1	 0	 0	 
35	 0.200	 2	 3	 1	 1	 0	 0	 
35	 0.200	 0	 4	 0	 1	 0	 0	 
35	 0.200	 0	 0	 0	 0	 0	 0	 
35	 0.200	 3	 0	 1	 0	 0	 0	 
35	 0.200	 2	 0	 1	 0	 0	 0	 
36	 0.200	 2	 3	 1	 1	 0	 0	 
36	 0.200	 2	 3	 1	 1	 0	 0	 
36	 0.200	 2	 3	 1	 1	 0	 0	 
36	 0.200	 0	 0	 0	 0	 0	 0	 
36	 0.200	 2	 3	 1	 1	 0	 0	 
36	 0.200	 2	 3	 1	 1	 0	 0	 
36	 0.200	 2	 3	 1	 1	 0	 0	 
36	 0.200	 2	 3	 1	 1	 0	 0	 
36	 0.200	 0	 4	 0	 1	 0	 0	 
36	 0.200	 0	 0	 0	 0	 0	 0	 
36	 0.200	 3	 0	 1	 0	 0	 0	 
36	 0.200	 2	 3	 1	 1	 0	 0	 
37	 0.200	 7	 8	 1	 1	 1	 0	 
37	 0.600	 0	 0	 0	 0	 0	 0	 
37	 0.600	 0	 0	 0	 0	 0	 0	 
37	 0.400	 4	 4	 1	 1	 0	 0	 
37	 0.200	 0	 0	 0	 0	 0	 0	 
37	 0.200	 3	 3	 1	 1	 0	 0	 
37	 0.200	 2	 0	 1	 0	 0	 0	 
37	 0.100	 0	 2	 0	 1	 0	 0	 
38	 0.100	 7	 0	 1	 0	 1	 0	 
38	 0.600	 0	 0	 0	 0	 0	 0	 
38	 0.600	 2	 1	 1	 1	 0	 0	 
38	 0.200	 2	 1	 1	 1	 0	 0	 
38	 0.400	 2	 1	 1	 1	 0	 0	 
38	 0.200	 2	 1	 1	 1	 0	 0	 
39	 0.400	 7	 8	 1	 1	 1	 0	 
39	 0.300	 0	 1	 0	 1	 0	 0	 
39	 0.100	 1	 0	 1	 0	 0	 0	 
39	 0.200	 0	 8	 0	 1	 1	 0	 
40	 0.600	 0	 0	 0	 0	 1	 0	 
40	 0.600	 0	 4	 0	 1	 0	 0	 
40	 0.600	 0	 0	 0	 0	 1	 0	 
40	 0.600	 2	 3	 1	 1	 0	 0	 
41	 0.600	 7	 8	 1	 1	 1	 0	 
41	 0.200	 6	 0	 1	 0	 0	 0	 
41	 0.200	 6	 0	 1	 0	 0	 0	 
41	 0.200	 6	 1	 1	 1	 0	 0	 
41	 0.200	 6	 0	 1	 0	 0	 0	 
41	 0.200	 6	 0	 1	 0	 1	 0	 
41	 0.200	 6	 0	 1	 0	 1	 0	 
41	 0.200	 6	 0	 1	 0	 0	 0	 
41	 0.200	 6	 0	 1	 0	 0	 0	 
41	 0.200	 6	 1	 1	 1	 0	 0	 
41	 0.200	 6	 0	 1	 0	 0	 0	 
41	 0.200	 6	 0	 1	 0	 0	 0	 
42	 0.200	 7	 0	 1	 0	 1	 0	 
42	 0.200	 6	 0	 1	 0	 0	 0	 
42	 0.200	 6	 0	 1	 0	 0	 0	 
42	 0.200	 6	 1	 1	 1	 0	 0	 
42	 0.200	 6	 0	 1	 0	 0	 0	 
42	 0.200	 6	 0	 1	 0	 1	 0	 
42	 0.200	 6	 0	 1	 0	 1	 0	 
42	 0.200	 6	 0	 1	 0	 0	 0	 
42	 0.200	 6	 0	 1	 0	 0	 0	 
42	 0.200	 0	 1	 0	 1	 0	 0	 
42	 0.200	 4	 0	 1	 0	 0	 0	 
42	 0.100	 0	 4	 0	 1	 0	 0	 
42	 0.100	 3	 0	 1	 0	 0	 0	 
43	 0.200	 7	 8	 1	 1	 1	 0	 
43	 0.200	 6	 0	 1	 0	 0	 0	 
43	 0.200	 6	 0	 1	 0	 0	 0	 
43	 0.200	 6	 1	 1	 1	 0	 0	 
43	 0.200	 6	 0	 1	 0	 0	 0	 
43	 0.200	 6	 0	 1	 0	 1	 0	 
43	 0.200	 6	 0	 1	 0	 1	 0	 
43	 0.200	 6	 0	 1	 0	 0	 0	 
43	 0.200	 6	 0	 1	 0	 0	 0	 
43	 0.200	 6	 1	 1	 1	 0	 0	 
43	 0.200	 6	 0	 1	 0	 0	 0	 
43	 0.200	 6	 0	 1	 0	 0	 0	 
44	 0.200	 7	 0	 1	 0	 1	 0	 
44	 0.200	 6	 0	 1	 0	 0	 0	 
44	 0.200	 6	 0	 1	 0	 0	 0	 
44	 0.200	 6	 1	 1	 1	 0	 0	 
44	 0.200	 6	 0	 1	 0	 0	 0	 
44	 0.200	 6	 0	 1	 0	 1	 0	 
44	 0.200	 7	 0	 1	 0	 1	 0	 
44	 0.200	 4	 0	 1	 0	 0	 0	 
44	 0.100	 0	 4	 0	 1	 0	 0	 
44	 0.100	 4	 0	 1	 0	 0	 0	 
44	 0.200	 0	 4	 0	 1	 0	 0	 
44	 0.200	 3	 0	 1	 0	 0	 0	 
44	 0.200	 2	 0	 1	 0	 0	 0	 
45	 0.200	 7	 8	 1	 1	 1	 0	  
45	 0.200	 6	 0	 1	 0	 0	 0	 
45	 0.200	 7	 1	 1	 1	 0	 0	 
45	 0.200	 6	 0	 1	 0	 0	 0	 
45	 0.200	 6	 0	 1	 0	 1	 0	 
45	 0.200	 6	 0	 1	 0	 1	 0	 
45	 0.200	 6	 0	 1	 0	 0	 0	 
45	 0.200	 6	 0	 1	 0	 0	 0	 
45	 0.200	 7	 1	 1	 1	 0	 0	 
45	 0.200	 6	 0	 1	 0	 0	 0	 
45	 0.200	 6	 0	 1	 0	 0	 0	 
46	 0.200	 7	 0	 1	 0	 1	 0	 
46	 0.200	 6	 0	 1	 0	 0	 0	 
46	 0.200	 6	 0	 1	 0	 0	 0	 
46	 0.200	 6	 1	 1	 1	 0	 0	 
46	 0.200	 6	 0	 1	 0	 0	 0	 
46	 0.200	 6	 0	 1	 0	 1	 0	 
46	 0.200	 6	 0	 1	 0	 1	 0	 
46	 0.200	 6	 0	 1	 0	 0	 0	 
46	 0.200	 6	 0	 1	 0	 0	 0	 
46	 0.200	 0	 1	 0	 1	 0	 0	 
46	 0.200	 4	 0	 1	 0	 0	 0	 
46	 0.100	 0	 4	 0	 1	 0	 0	 
46	 0.100	 3	 0	 1	 0	 0	 0	 
47	 0.200	 7	 8	 1	 1	 1	 0	  
47	 0.200	 6	 0	 1	 0	 0	 0	 
47	 0.200	 7	 1	 1	 1	 0	 0	 
47	 0.200	 6	 0	 1	 0	 0	 0	 
47	 0.200	 6	 0	 1	 0	 1	 0	 
47	 0.200	 0	 8	 0	 1	 1	 0	 
47	 0.200	 6	 0	 1	 0	 0	 0	 
47	 0.200	 6	 0	 1	 0	 0	 0	 
47	 0.200	 7	 1	 1	 1	 0	 0	 
47	 0.200	 6	 0	 1	 0	 0	 0	 
47	 0.200	 6	 0	 1	 0	 0	 0	 
48	 0.200	 0	 8	 0	 1	 1	 0	 
48	 0.200	 7	 0	 1	 0	 1	 0	 
48	 0.200	 0	 8	 0	 1	 1	 0	 
48	 0.200	 7	 0	 1	 0	 1	 0	 
48	 0.600	 7	 8	 1	 1	 1	 0	 
48	 0.200	 6	 0	 1	 0	 0	 0	 
48	 0.200	 6	 0	 1	 0	 0	 0	 
48	 0.200	 5	 1	 1	 1	 0	 0	 
48	 0.200	 4	 4	 1	 1	 0	 0	 
48	 0.200	 3	 3	 1	 1	 0	 0	 
49	 0.200	 7	 8	 1	 1	 1	 0	 
49	 0.200	 7	 8	 1	 1	 1	 0	 
49	 0.200	 7	 8	 1	 1	 1	 0	 
49	 0.200	 7	 8	 1	 1	 1	 0	 
49	 0.600	 0	 0	 0	 0	 1	 0	 
49	 0.600	 1	 1	 1	 1	 0	 0	 
49	 0.200	 4	 0	 1	 0	 0	 0	 
49	 0.100	 0	 4	 0	 1	 0	 0	 
49	 0.100	 3	 0	 1	 0	 0	 0	 
50	 0.200	 0	 4	 0	 1	 1	 0	 
50	 0.200	 4	 0	 1	 0	 0	 0	 
50	 0.100	 0	 4	 0	 1	 0	 0	 
50	 0.100	 3	 0	 1	 0	 0	 0	 
50	 0.200	 0	 4	 0	 1	 0	 0	 
50	 0.200	 3	 0	 1	 0	 0	 0	 
50	 0.200	 2	 0	 1	 0	 0	 0	 
50	 0.200	 1	 5	 1	 1	 0	 0	 
50	 0.400	 7	 0	 1	 0	 1	 0	 
50	 0.200	 0	 8	 0	 1	 1	 0	 
51	 0.600	 0	 0	 0	 0	 0	 0	 
51	 0.600	 0	 0	 0	 0	 0	 0	 
51	 0.600	 0	 0	 0	 0	 0	 0	 
51	 0.600	 0	 0	 0	 0	 0	 0	 
52	 0.600	 0	 0	 0	 0	 0	 0	 
52	 0.600	 0	 0	 0	 0	 0	 0	 
52	 0.600	 0	 0	 0	 0	 0	 0	 
52	 0.600	 0	 0	 0	 0	 0	 0
53	 0.600	 0	 0	 0	 0	 0	 0	 
53	 0.600	 1	 1	 1	 1	 1	 1	 
