MotorName,ID,Position,Speed,Torque
7,0.0043869,-0.0366287,0.0158768
1,0.00553131,0.0122108,-0.00610542
2,0.00934601,0.0122108,-0.00610542
3,0.00743866,-0.0366287,0.00610542
7,-3665.79
1,-3344.1
2,0.00934601,-0.0610504,-0.555557
7,0.0043869,-0.0854683,-0.115995
1,0.00514984,-0.0366287,-0.115995
7,0.0043869,-0.0366287,-0.103785
0,-8146.6
2,-8123.62
3,0.00667572,-0.0366287,-0.746033
1,0.00514984,-0.0122108,-0.152626
2,0.00896454,-0.0366287,-0.274725
3,0.00667572,-0.0366287,-0.286936
7,-4033.45
1,-5136.41
2,0.00896454,-0.0366287,-0.714287
3,0.00705719,0.0122108,-0.299145
7,0.00400543,0.0366287,-0.103785
1,0.00514984,-0.0854683,-0.140415
2,-8445.32
7,-3642.81
1,0.00514984,-0.0122108,-0.333336
7,0.00400543,-0.0122108,-0.115995
3,0.00705719,-0.0122108,-0.274725
2,0.00934601,0.0366287,-0.262516
0,-8100.65
1,-3734.73
2,0.00896454,-0.0366287,-0.650795
3,0.00705719,-0.0122108,-0.274725
2,0.00934601,0.0366287,-0.238094
3,0.00705719,0.0122108,-0.274725
7,-1919.43
1,-3344.1
2,0.00896454,-0.0366287,-0.587303
7,0.00400543,0.0122108,-0.0671558
1,0.00514984,0.0366287,-0.103785
7,0.00400543,-0.0366287,-0.0671558
0,-6997.68
2,-6262.37
3,0.00705719,-0.0122108,-0.587303
1,0.00514984,-0.0122108,-0.0915756
2,0.00896454,-0.0366287,-0.189255
3,0.00705719,-0.0122108,-0.189255
7,-770.503
1,-1781.55
2,0.00896454,-0.0854683,-0.492065
3,0.00705719,0.0122108,-0.189255
7,0.0043869,0.0122108,-0.00610542
1,0.00514984,0.0122108,-0.0427341
2,-5113.44
7,35.1861
1,0.00514984,-0.0122108,-0.111115
7,0.0043869,0.0610504,-0.0183144
3,0.00705719,-0.0122108,-0.164835
2,0.00934601,-0.0122108,-0.152626
0,-3344.1
1,-58.1697
2,0.00934601,0.0122108,-0.269844
7,0.0043869,-0.0610504,0.0305252
1,0.00514984,-0.0366287,0.0183144
2,0.00934601,0.0366287,-0.0915756
0,-2195.17
7,2562.82
1,0.00553131,0.0610504,0.0793686
2,0.00934601,-0.0122108,-0.0793648
7,0.0043869,0.0366287,0.0671558
1,0.00553131,0.0366287,0.0305252
7,2218.14
0,-12.2125
2,0.00934601,-0.0854683,-0.174606
3,0.00743866,-0.0122108,0.0427341
1,0.00553131,-0.0366287,0.0793648
2,0.00934601,0.0122108,-0.00610542
0,2218.14
7,4056.42
1,0.00553131,0.0122108,0.333336
2,0.00934601,-0.0854683,0.0183144
3,0.00743866,0.0122108,0.115995
7,0.00476837,-0.0122108,0.177046
1,4056.42
2,724.536
7,0.00476837,0.0610504,0.492065
1,0.00591278,0.0122108,0.152626
7,0.00514984,0.0122108,0.201466
3,0.00743866,-0.0122108,0.152626
2,2149.2
0,6239.38
1,0.00629425,-0.0366287,0.46032
2,0.00934601,0.0610504,0.115995
3,0.00782013,0.0122108,0.250305
7,0.00553131,0.0366287,0.213675
1,6515.12
2,4447.06
3,0.00782013,0.0122108,0.746033
7,0.00553131,0.0610504,0.262516
1,0.00667572,0.134312,0.238094
2,0.00972748,-0.0122108,0.164835
7,7870.86
1,6469.17
7,0.00629425,0.0854683,0.650795
3,0.00858307,0.0610504,0.286936
2,0.00972748,-0.0122108,0.213675
3,0.00858307,0.0610504,0.323565
1,379.87
2,8169.58
3,0.00934601,0.15873,0.777779
7,0.00896454,0.256409,0.152626
1,0.0112534,0.231991,0.0793648
2,0.0101089,0.0366287,0.299145
0,7595.12
7,6101.51
1,0.0123978,0.354092,0.206352
2,0.0101089,0.0854683,0.299145
7,0.0104904,0.305252,0.201466
1,0.0131607,0.354092,0.0671558
7,6101.51
0,-1069.21
2,0.0116348,0.305252,0.523811
3,0.015831,0.427349,0.0427341
1,0.0165939,0.32967,0.0427341
2,0.0123978,0.207569,0.238094
0,770.505
7,3895.58
1,0.0173569,0.32967,0.206352
2,0.0131607,0.207569,0.262516
3,0.0181198,0.427349,0.0427341
7,0.0154495,0.305252,0.164835
1,2907.5
2,7365.34
7,0.0165939,0.476189,0.365082
1,0.0192642,0.32967,0.128204
7,0.0177383,0.525032,0.128204
3,0.021553,0.32967,0.00610542
2,4056.43
0,2126.23
1,0.0226974,0.354092,0.0793686
2,0.0185013,0.28083,0.225885
3,0.0230789,0.305252,0.177046
7,0.0219345,0.427349,0.054945
1,3275.16
2,7250.44
3,0.0234604,0.256409,0.619049
7,0.0230789,0.476189,0.128204
1,0.0242233,0.305252,0.164835
2,0.0204086,0.402931,0.250305
7,3734.73
1,4447.07
7,0.0253677,0.451771,0.365082
3,0.0265121,0.305252,0.152626
2,0.0238419,0.256409,0.201466
3,0.0272751,0.32967,0.189255
1,1482.84
2,8422.34
3,0.0284195,0.305252,0.714287
7,0.0295639,0.402931,0.0793648
1,0.0303268,0.427349,0.103785
2,0.0253677,0.28083,0.335775
0,7664.05
7,5389.18
1,0.0314722,0.37851,0.269844
2,0.0261307,0.28083,0.335775
7,0.0314722,0.305252,0.213675
1,0.0326166,0.54945,0.0915756
7,6239.38
0,2654.74
2,0.0303268,0.354092,0.587303
3,0.0352869,0.476189,0.103785
1,0.0375757,0.54945,-0.0305252
2,0.0314722,0.32967,0.299145
0,4125.37
7,2287.09
1,0.0391016,0.476189,0.206352
2,0.0326166,0.427349,0.311356
3,0.0383387,0.525032,0.103785
7,0.0379572,0.37851,0.164835
1,2356.02
2,8927.88
7,0.0391016,0.354092,0.523811
1,0.0417719,0.451771,0.0915756
7,0.040246,0.427349,0.201466
3,0.0436792,0.573872,-0.0183144
2,4194.3
0,862.42
1,0.0463495,0.37851,0.0476227
2,0.0406275,0.54945,0.238094
3,0.0463495,0.50061,0.128204
7,0.0448236,0.451771,0.115995
1,4102.39
2,7526.19
3,0.0478754,0.525032,0.365082
7,0.0463495,0.525032,0.201466
1,0.0486383,0.50061,0.152626
2,0.0436792,0.50061,0.250305
7,6400.24
1,3413.03
7,0.0490198,0.622711,0.523811
3,0.0528345,0.525032,0.0427341
2,0.0494013,0.54945,0.152626
3,0.0539789,0.50061,0.152626
1,471.786
2,7480.23
3,0.0555048,0.50061,0.492065
7,0.0555048,0.72039,0.0183144
1,0.0566492,0.427349,0.115995
2,0.052453,0.647129,0.250305
0,5641.95
7,3504.95
1,0.0585566,0.598289,0.333336
2,0.0539789,0.598289,0.262516
7,0.0585566,0.622711,0.152626
1,0.059701,0.573872,0.128204
7,4929.62
0,1965.39
2,0.059701,0.573872,0.365082
3,0.0635157,0.525032,0.189255
1,0.0658045,0.622711,-0.0183144
2,0.0608454,0.451771,0.262516
0,5641.95
7,3160.27
1,0.0673304,0.598289,0.206352
2,0.0627527,0.573872,0.286936
3,0.0665674,0.54945,0.225885
7,0.0673304,0.525032,0.177046
1,3619.84
2,8698.09
7,0.0688562,0.54945,0.523811
1,0.0707636,0.72039,0.0915756
7,0.0707636,0.598289,0.177046
3,0.0730524,0.695972,0.0183144
2,3964.52
0,1758.58
1,0.0772486,0.525032,-0.0158768
2,0.0722895,0.793652,0.201466
3,0.0772486,0.695972,0.103785
7,0.0768671,0.54945,0.0671558
1,3734.74
2,6951.73
3,0.0791559,0.72039,0.30159
7,0.078393,0.54945,0.177046
1,0.0806818,0.598289,0.152626
2,0.0761042,0.744812,0.225885
7,6469.18
1,5435.15
7,0.0822077,0.76923,0.46032
3,0.0852594,0.647129,-0.0183144
2,0.0829706,0.744812,0.128204
3,0.0871668,0.622711,0.140415
1,242.003
2,7158.53
3,0.0886927,0.622711,0.555557
7,0.0894556,0.744812,0.0305252
1,0.0906,0.622711,0.103785
2,0.0867853,0.695972,0.262516
0,6446.2
7,4309.2
1,0.0925074,0.671551,0.365082
2,0.0883112,0.744812,0.286936
7,0.0932703,0.647129,0.201466
1,0.0944157,0.695972,0.115995
7,6147.48
0,1413.91
2,0.0955601,0.72039,0.333336
3,0.0993748,0.72039,0.128204
1,0.102045,0.744812,-0.0183144
2,0.0974674,0.818069,0.213675
0,5825.78
7,1804.54
1,0.103952,0.744812,0.238098
2,0.0993748,0.72039,0.262516
3,0.103571,0.744812,0.177046
7,0.103952,0.744812,0.164835
1,3642.82
2,7020.66
7,0.10586,0.76923,0.492065
1,0.108149,0.744812,0.128204
7,0.108149,0.744812,0.201466
3,0.111582,0.866909,-0.0305252
2,1574.76
0,2585.81
1,0.115396,0.622711,-0.0476227
2,0.111582,0.744812,0.189255
3,0.115778,0.76923,0.164835
7,0.116159,0.793652,0.0183144
1,4286.22
2,7388.32
3,0.117685,0.72039,0.428574
1,0.119593,0.793652,0.152626
2,0.116159,0.915752,0.262516
7,0.120356,0.866909,0.189255
1,4332.17
7,5251.32
3,0.124933,0.793652,-0.0158768
2,0.123789,0.891331,0.0915756
3,0.126841,0.744812,0.164835
1,0.130274,0.76923,-0.0427341
2,5527.06
0,5894.72
7,0.130655,0.72039,0.111115
1,0.132563,0.72039,0.0915756
1,0.145151,0.76923,-0.0305252
2,0.141718,0.866909,0.189255
0,3780.7
7,58.1783
2,0.189784,0.964592,0.14286
3,0.192454,0.98901,0.115995
1,0.196269,1.03785,-0.0671558
2,0.192073,0.866909,0.189255
0,-1184.1
2,586.684
3,0.249294,1.08669,0.14286
1,0.253109,1.13553,-0.054945
7,0.306516,1.15995,0.225885
3,0.309567,1.25763,-0.054945
2,770.516
0,2241.14
7,0.372511,1.33089,0.555557
1,0.374037,1.35531,0.152626
7,0.375944,1.40415,0.225885
3,0.37747,1.30647,0.103785
7,4975.58
1,5021.54
2,0.440795,1.55067,0.777779
7,0.44728,1.40415,0.225885
7,0.51976,1.57509,-0.0305252
1,0.520905,1.42857,0.103785
2,10950
0,6584.08
1,0.60216,1.62393,-0.30159
2,0.595293,1.55067,0.299145
3,0.601015,1.62393,0.177046
7,0.605211,1.67277,-0.054945
2,793.504
0,2746.67
1,0.691806,1.55067,-0.30159
2,0.685702,1.59951,0.262516
3,0.775349,1.84371,-0.0671558
3,0.780308,1.84371,0.0427341
1,-4401.07
2,-3137.26
7,0.869574,1.84371,0.682541
3,0.873388,1.91697,-0.128204
2,0.874914,1.81929,-0.0427341
3,0.878347,1.86813,-0.0427341
7,8031.73
1,6561.11
7,0.970665,1.94139,0.682541
3,0.974098,1.94139,-0.0793648
7,1.06413,1.91697,0.140415
1,1.06565,1.99023,0.225885
2,10329.6
7,7824.93
7,1.1656,2.03907,-0.269844
1,1.16674,1.79487,0.0915756
2,1.16064,1.99023,0.396826
3,1.1656,1.96581,0.274725
1,-5458.08
2,8744.07
3,1.26822,2.03907,0.333336
7,1.27394,2.03907,-0.115995
2,1.36778,2.03907,0.00610542
3,1.37198,2.06349,0.0671558
1,-6147.44
2,8008.75
3,1.47726,2.16117,-0.396828
2,1.47955,1.99023,-0.0427341
3,1.48337,2.11233,0.0305252
1,1.48985,1.99023,-0.201466
7,7755.99
0,-3849.59
2,1.59018,2.06349,-0.0476227
3,1.59438,2.16117,0.00610542
7,1.69013,2.06349,0.225885
1,1.69127,2.23443,0.213675
7,7158.55
0,-2401.94
7,1.79465,1.99023,0.333336
1,1.79541,2.13675,0.213675
2,1.78931,2.16117,0.396826
7,1.79999,1.91697,0.250305
7,-3918.52
1,2631.79
2,1.89269,2.03907,1
3,1.89879,2.03907,0.225885
1,2.00217,2.06349,-0.189255
2,1.99645,1.91697,0.238094
0,5205.38
7,-3252.15
2,2.09793,1.94139,-0.14286
3,2.10136,2.01465,0.00610542
1,2.10746,2.01465,-0.152626
2,2.10327,1.91697,0.177046
0,-4401.07
2,-862.387
3,2.20436,1.91697,0.111115
1,2.21046,2.01465,-0.189255
7,2.29553,1.86813,0.238094
3,2.29896,1.89255,-0.0427341
2,-173.031
0,1023.29
7,2.38708,1.67277,0.555557
1,2.38823,1.81929,0.189255
7,2.39166,1.79487,0.238094
3,2.39548,1.84371,-0.115995
7,3344.12
1,5596.01
2,2.47025,1.81929,0.84127
7,2.48016,1.81929,0.238094
7,2.55989,1.64835,-0.0793648
1,2.56027,1.55067,0.115995
2,9617.25
0,6653.02
1,2.64,1.47741,-0.333336
2,2.63504,1.42857,0.225885
3,2.63886,1.52625,0.103785
7,2.64305,1.40415,-0.054945
2,1390.94
0,2447.95
1,2.71859,1.35531,-0.333336
2,2.71324,1.42857,0.250305
3,2.78344,1.35531,-0.0915756
2,2.78306,1.30647,0.0427341
0,517.754
1,-2470.89
7,2.84791,1.18437,0.46032
3,2.85019,1.23321,-0.0671558
2,2.84943,1.08669,0.0671558
3,2.85363,1.20879,0.0671558
7,6147.48
1,4286.23
7,2.90894,1.08669,0.492065
3,2.91123,1.08669,-0.0305252
7,2.95815,0.915752,0.128204
1,2.9593,0.793652,0.152626
2,8399.38
7,4676.86
7,3.00393,0.866909,0.0476227
1,3.00546,0.94017,0.0671558
2,2.99821,0.793652,0.347986
3,3.00431,0.842491,0.164835
1,-104.115
2,8330.43
3,3.04437,0.76923,0.206352
7,3.04513,0.671551,0.0183144
2,3.06992,0.54945,0.213675
3,3.07717,0.573872,0.0671558
1,839.442
2,8284.48
3,3.10311,0.402931,0.111115
2,3.09739,0.402931,0.225885
3,3.10388,0.37851,0.103785
1,3.10502,0.427349,0.0183144
7,5710.88
0,747.531
2,3.11685,0.402931,0.650795
3,3.12371,0.354092,-0.00610542
7,3.13287,0.256409,0.115995
1,3.13058,0.0122108,0.274725
0,5733.86
2,8858.93
7,3.13706,-0.0122108,0.365082
1,3.13554,0.0122108,0.189255
2,3.13172,0.0122108,0.250305
7,3.13706,-0.0366287,0.128204
7,1092.19
1,1804.53
2,3.13134,0.0610504,0.428574
3,3.13401,-0.0610504,0.128204
1,3.13287,-0.305252,-0.115995
2,3.13096,0.0122108,-0.189255
0,-9617.23
7,-5343.23
2,3.12181,-0.28083,-0.746033
3,3.11761,-0.37851,-0.250305
1,3.1157,-0.402931,-0.0915756
2,3.12104,-0.32967,-0.323565
0,-2310.07
2,-4860.68
3,3.09129,-0.50061,-0.365082
1,3.08938,-0.451771,-0.0305252
7,3.0642,-0.671551,-0.238094
3,3.06039,-0.622711,-0.054945
2,-4538.98
0,-4952.6
7,3.0272,-0.818069,-0.555557
1,3.02529,-0.891331,-0.177046
3,3.02224,-0.744812,-0.0671558
2,3.02338,-0.866909,-0.0793648
7,-5366.21
1,-4607.92
2,2.98486,-0.964592,-0.619049
7,2.98066,-0.866909,-0.238094
7,2.93297,-1.08669,-0.00610542
1,2.93183,-0.98901,-0.128204
2,-7572.15
0,-5756.85
1,2.87537,-1.18437,0.111115
2,2.87881,-1.18437,-0.213675
3,2.87613,-1.13553,-0.177046
7,2.87385,-1.15995,0.00610542
2,-1620.72
0,-2287.1
1,2.81014,-1.23321,0.206352
2,2.81395,-1.13553,-0.201466
3,2.74681,-1.40415,0.0793648
2,2.74681,-1.33089,-0.0671558
0,-2792.63
1,2310.04
7,2.67357,-1.55067,-0.650795
3,2.66976,-1.57509,0.054945
2,2.67052,-1.50183,-0.0915756
3,2.66594,-1.50183,-0.0671558
7,-7342.37
1,-6331.32
7,2.59117,-1.64835,-0.619049
3,2.58812,-1.64835,0.0305252
7,2.51335,-1.59951,-0.177046
1,2.51183,-1.62393,-0.225885
2,-11547.4
7,-7733.01
7,2.42638,-1.67277,0.14286
1,2.42485,-1.81929,-0.115995
2,2.43057,-1.74603,-0.360195
3,2.42599,-1.74603,-0.238094
1,4240.23
2,-7181.52
3,2.33558,-1.79487,-0.492065
7,2.33101,-1.79487,0.054945
2,2.24517,-1.89255,0.00610542
3,2.24174,-1.91697,-0.0183144
1,4125.34
2,-7893.86
3,2.14485,-2.01465,0.238098
2,2.14332,-1.89255,-0.0183144
3,2.13951,-1.96581,-0.0793648
1,2.1334,-2.08791,0.152626
7,-7687.05
0,2838.53
2,2.03956,-1.84371,-0.111115
3,2.0346,-2.03907,-0.0183144
7,1.94228,-1.89255,-0.274725
1,1.94114,-2.08791,-0.225885
7,-7778.97
0,3160.23
7,1.8389,-1.91697,-0.365082
1,1.83776,-2.03907,-0.225885
2,1.84348,-2.28327,-0.384615
7,1.83318,-2.08791,-0.250305
7,2769.6
1,-2861.57
2,1.73819,-2.08791,-0.904762
3,1.734,-2.08791,-0.225885
1,1.62757,-2.03907,0.152626
2,1.63252,-2.03907,-0.238094
0,-5274.31
7,3849.59
2,1.52686,-2.13675,0.0793686
3,1.52342,-2.11233,-0.00610542
1,1.51694,-2.01465,0.177046
2,1.5219,-1.86813,-0.262516
0,2011.31
2,-471.808
3,1.41241,-2.11233,-0.14286
1,1.40593,-2.13675,0.189255
7,1.3117,-2.25885,-0.286936
3,1.30865,-2.11233,0.115995
2,-770.53
0,-2310.09
7,1.2087,-1.99023,-0.619049
1,1.20756,-2.08791,-0.225885
7,1.20336,-2.03907,-0.262516
3,1.19993,-2.08791,0.115995
7,-4079.43
1,-6308.35
2,1.11028,-2.18559,-0.873016
7,1.10189,-2.01465,-0.274725
7,1.00729,-1.99023,0.0793648
1,1.00614,-1.96581,-0.0915756
2,-9226.62
0,-7020.68
1,0.909247,-1.96581,0.396828
2,0.914207,-1.81929,-0.250305
3,0.910392,-1.91697,-0.201466
7,0.90505,-1.84371,0.103785
2,-1000.31
0,-2470.93
1,0.810063,-1.81929,0.396828
2,0.816167,-1.62393,-0.299145
3,0.725758,-1.81929,0.0793648
2,0.726521,-1.84371,-0.0793648
0,-1299.03
1,4653.84
7,0.637636,-1.69719,-0.619049
3,0.634584,-1.74603,0.0671558
2,0.635347,-1.74603,-0.0793648
3,0.630007,-1.72161,-0.0427341
7,-6354.3
1,-4883.67
7,0.551042,-1.72161,-0.587303
3,0.54799,-1.67277,0.0671558
7,0.477417,-1.50183,-0.140415
1,0.476273,-1.37973,-0.189255
2,-7365.35
7,-6584.08
7,0.404173,-1.45299,0.14286
1,0.403028,-1.30647,-0.0793648
2,0.407226,-1.35531,-0.286936
3,0.403791,-1.42857,-0.201466
1,2080.25
2,-6262.38
3,0.33627,-1.30647,-0.396828
7,0.3336,-1.25763,0.0305252
2,0.278286,-1.18437,-0.0915756
3,0.27409,-1.20879,-0.054945
1,1482.82
2,-6997.69
3,0.217631,-1.13553,0.0793686
2,0.219921,-0.98901,-0.115995
3,0.214961,-1.08669,-0.0427341
1,0.211909,-1.13553,0.0427341
0,-242.005
2,-4906.64
3,0.1627,-1.01343,-0.238098
1,0.159648,-0.915752,0.0793648
1,0.122644,-0.793652,-0.128204
7,0.122263,-0.891331,-0.152626
0,-1138.17
2,-5802.8
7,0.0867853,-0.695972,-0.269844
1,0.0856409,-0.695972,-0.115995
2,0.0921259,-0.793652,-0.299145
7,0.084878,-0.76923,-0.140415
7,-908.377
1,-2011.35
2,0.0619898,-0.50061,-0.777779
7,0.0547419,-0.573872,-0.103785
1,0.0318537,-0.231991,-0.054945
2,0.0383387,-0.37851,-0.299145
0,-6928.74
7,-1873.48
2,0.0219345,-0.231991,-0.555557
3,0.015831,-0.183151,-0.189255
1,0.0139236,-0.207569,-0.054945
2,0.0207901,-0.28083,-0.250305
0,-5573.01
2,-5756.84
3,0.00705719,-0.0122108,-0.650795
1,0.00553131,-0.32967,-0.0427341
7,0.00400543,-0.0610504,-0.0915756
3,0.00705719,-0.0122108,-0.274725
2,-7020.66
0,-7710.01
7,0.0043869,-0.0366287,0.30159
1,0.00553131,0.0610504,0.0793648
7,0.00476837,-0.0122108,0.128204
3,0.00743866,-0.0122108,0.0427341
7,5825.77
1,2815.59
2,0.0104904,0.134312,0.904762
7,0.0120163,0.354092,0.201466
7,0.0318537,0.28083,0.0915756
1,0.0326166,0.402931,0.0793648
2,9180.63
0,6630.02
1,0.058938,0.525032,0.0476227
2,0.0539789,0.54945,0.238094
3,0.0581751,0.476189,0.225885
7,0.0593195,0.647129,0.0427341
2,4033.46
0,5710.89
1,0.0932703,0.72039,-0.0476227
2,0.0886927,0.695972,0.238094
3,0.129892,0.818069,-0.0183144
2,0.129511,0.964592,0.0793648
0,2976.45
1,-1528.78
7,0.175288,1.06227,0.523811
3,0.17834,0.98901,-0.0183144
2,0.177958,1.01343,0.0671558
3,0.18101,0.964592,0.0915756
7,6469.18
1,4332.18
7,0.230221,1.15995,0.555557
3,0.233654,1.15995,-0.00610542
7,0.285535,1.03785,0.152626
1,0.287061,1.15995,0.164835
2,7411.31
7,7342.37
7,0.349623,1.35531,-0.0476227
1,0.351149,1.25763,0.115995
2,0.347334,1.25763,0.274725
3,0.350767,1.33089,0.225885
1,-2700.67
2,7158.54
3,0.419814,1.40415,0.396828
7,0.422484,1.40415,-0.0305252
2,0.489624,1.52625,0.0671558
3,0.49382,1.52625,0.054945
1,-3321.09
2,8353.42
3,0.573167,1.62393,-0.30159
2,0.572404,1.64835,0.0671558
3,0.577363,1.59951,0.0183144
1,0.582704,1.57509,-0.115995
0,-3137.26
2,839.46
3,0.666247,1.69719,0.0158768
1,0.671588,1.67277,-0.140415
7,0.750935,1.86813,0.250305
3,0.754368,1.81929,-0.152626
2,-586.643
0,-150.052
7,0.837529,1.77045,0.365082
1,0.839055,1.79487,0.189255
2,0.834859,1.81929,0.286936
7,0.842488,1.86813,0.250305
7,-2953.43
1,2700.72
2,0.929847,1.86813,0.809525
3,0.932899,1.86813,0.225885
1,1.03208,1.94139,-0.177046
2,1.02712,1.74603,0.225885
0,4791.77
7,-2976.41
2,1.12707,1.94139,0.0476227
3,1.13127,2.01465,0.0793648
1,1.13775,2.06349,-0.201466
2,1.13203,1.86813,0.286936
0,-5044.47
2,402.874
3,1.23884,2.03907,-0.111115
1,1.24533,1.99023,-0.177046
7,1.33841,2.01465,0.262516
3,1.34222,2.11233,-0.0671558
2,12.2396
0,885.423
7,1.44369,2.01465,0.650795
1,1.44446,2.13675,0.213675
7,1.44903,1.96581,0.250305
3,1.45247,2.08791,-0.103785
7,4424.11
1,6262.39
