MotorName,ID,Position,Speed,Torque
2,-0.0928888,0.0122108,0.00610542
1,-0.0646601,0.0610504,0.00610542
3,-0.0577936,0.0610504,-0.0158768
2,-0.0928888,0.0122108,0.323565
1,-0.0646601,0.0366287,0.225885
3,-0.0577936,0.0122108,0.555557
2,-0.0925074,0.183151,0.409035
1,-0.0642786,0.183151,0.286936
3,-0.0574121,0.0854683,0.714287
2,-0.0921259,0.10989,0.470085
1,-0.0635157,0.207569,0.311356
3,-0.0570307,0.15873,0.809525
2,-0.0917444,0.10989,0.518925
1,-0.0631342,0.183151,0.360195
3,-0.0566492,0.15873,0.904762
2,-0.0909815,0.256409,0.531136
1,-0.0623713,0.32967,0.347986
3,-0.0562677,0.183151,0.936508
2,-0.0902185,0.451771,0.518925
1,-0.0612268,0.354092,0.347986
3,-0.0555048,0.231991,0.968254
2,-0.0890741,0.451771,0.506716
1,-0.059701,0.598289,0.323565
3,-0.0543604,0.451771,0.904762
2,-0.0871668,0.695972,0.482296
1,-0.0581751,0.622711,0.311356
3,-0.0528345,0.598289,0.873016
2,-0.0856409,0.744812,0.470085
1,-0.0562677,0.695972,0.286936
3,-0.0513086,0.573872,0.904762
2,-0.0833521,0.915752,0.457876
1,-0.0539789,0.94017,0.225885
3,-0.0494013,0.671551,0.873016
2,-0.0810633,0.891331,0.433455
1,-0.0513086,1.11111,0.201466
3,-0.0474939,0.793652,0.904762
2,-0.0787745,1.01343,0.433455
1,-0.0482569,1.11111,0.177046
3,-0.0452051,0.915752,0.873016
2,-0.0757227,1.11111,0.396826
1,-0.0452051,1.23321,0.189255
3,-0.0429163,0.915752,0.904762
2,-0.0726709,1.30647,0.396826
1,-0.0417719,1.35531,0.189255
3,-0.040246,1.08669,0.873016
2,-0.0696192,1.30647,0.421246
1,-0.0383387,1.37973,0.189255
3,-0.0375757,1.11111,0.84127
2,-0.0658045,1.40415,0.396826
1,-0.034524,1.42857,0.189255
3,-0.034524,1.20879,0.84127
2,-0.0623713,1.45299,0.396826
1,-0.0307083,1.50183,0.201466
3,-0.0310898,1.28205,0.809525
2,-0.0585566,1.47741,0.421246
1,-0.0268936,1.47741,0.213675
3,-0.0276566,1.30647,0.809525
2,-0.0547419,1.42857,0.409035
1,-0.0230789,1.64835,0.189255
3,-0.0242233,1.40415,0.84127
2,-0.0509272,1.59951,0.421246
1,-0.0188828,1.74603,0.189255
3,-0.0200272,1.57509,0.777779
2,-0.046731,1.72161,0.396826
1,-0.0143051,1.72161,0.189255
3,-0.0162125,1.59951,0.746033
2,-0.0421534,1.84371,0.372406
1,-0.00934601,1.89255,0.177046
3,-0.0120163,1.72161,0.746033
2,-0.0375757,1.86813,0.372406
1,-0.0043869,1.99023,0.189255
3,-0.00743866,1.91697,0.777779
2,-0.0326166,1.84371,0.372406
1,0.000190735,1.91697,0.152626
3,-0.00324249,1.81929,0.809525
2,-0.0276566,1.94139,0.372406
1,0.00514984,2.01465,0.164835
3,0.00171661,1.94139,0.746033
2,-0.0226974,2.01465,0.347986
1,0.0104904,2.03907,0.177046
3,0.00629425,1.91697,0.746033
2,-0.0173569,2.06349,0.360195
1,0.015831,2.21001,0.189255
3,0.0116348,2.06349,0.777779
2,-0.0120163,2.06349,0.360195
1,0.021553,2.23443,0.189255
3,0.0165939,2.08791,0.714287
2,-0.00629425,2.33211,0.372406
1,0.0272751,2.28327,0.177046
3,0.0219345,2.16117,0.777779
2,-0.000572205,2.25885,0.360195
1,0.0326166,2.25885,0.152626
3,0.0272751,2.16117,0.746033
2,0.00514984,2.23443,0.360195
1,0.0387201,2.38095,0.152626
3,0.0329981,2.35653,0.714287
2,0.0112534,2.55189,0.360195
1,0.0448236,2.38095,0.189255
3,0.0387201,2.21001,0.714287
2,0.0173569,2.55189,0.335775
1,0.0509272,2.52747,0.189255
3,0.0444422,2.38095,0.619049
2,0.0234604,2.47863,0.347986
1,0.0570307,2.50305,0.177046
3,0.0505457,2.33211,0.619049
2,0.0299454,2.50305,0.335775
1,0.0635157,2.64957,0.140415
3,0.0566492,2.55189,0.682541
2,0.0364313,2.74725,0.323565
1,0.0700006,2.50305,0.140415
3,0.0627527,2.45421,0.682541
2,0.0429163,2.74725,0.311356
1,0.0768671,2.82051,0.177046
3,0.0692377,2.57631,0.650795
2,0.0494013,2.69841,0.335775
1,0.0837336,2.79609,0.189255
3,0.0757227,2.52747,0.619049
2,0.0562677,2.62515,0.335775
1,0.0902185,2.72283,0.140415
3,0.0825891,2.64957,0.619049
2,0.0635157,2.82051,0.311356
1,0.097086,2.60073,0.115995
3,0.0890741,2.62515,0.619049
2,0.0703821,2.91819,0.299145
1,0.104334,2.86935,0.177046
3,0.0959415,2.82051,0.650795
2,0.07763,2.72283,0.286936
1,0.111582,2.84493,0.189255
3,0.102808,2.60073,0.619049
2,0.084878,2.82051,0.311356
1,0.11883,2.96703,0.152626
3,0.110056,2.94261,0.587303
2,0.0925074,3.13797,0.286936
1,0.126078,2.94261,0.0915756
3,0.116922,2.72283,0.619049
2,0.0997562,2.94261,0.274725
1,0.133707,2.96703,0.152626
3,0.123789,2.79609,0.587303
2,0.107386,2.99145,0.274725
1,0.141336,3.18681,0.189255
3,0.131418,2.82051,0.587303
2,0.115015,3.01587,0.299145
1,0.148584,2.99145,0.152626
3,0.139048,2.99145,0.555557
2,0.123407,3.23565,0.262516
1,0.156214,3.08913,0.0915756
3,0.146677,2.91819,0.587303
2,0.131037,3.16239,0.262516
1,0.164226,3.04029,0.140415
3,0.154306,3.16239,0.587303
2,0.139048,3.13797,0.274725
1,0.172236,3.30891,0.177046
3,0.161937,3.04029,0.555557
2,0.147058,3.21124,0.274725
1,0.179866,3.23565,0.128204
3,0.169566,3.01587,0.523811
2,0.155451,3.33333,0.250305
1,0.187877,3.30891,0.0915756
3,0.177577,3.13797,0.587303
2,0.163463,3.33333,0.250305
1,0.195888,3.23565,0.140415
3,0.185588,3.13797,0.587303
2,0.171474,3.21124,0.262516
1,0.20428,3.38217,0.177046
3,0.193599,3.47985,0.523811
2,0.179866,3.21124,0.262516
1,0.212291,3.26007,0.103785
3,0.201228,3.04029,0.523811
2,0.18864,3.47985,0.213675
1,0.220303,3.28449,0.0793648
3,0.210002,3.35775,0.555557
2,0.197032,3.43102,0.213675
1,0.228695,3.16239,0.164835
3,0.218394,3.21124,0.492065
2,0.205806,3.33333,0.250305
1,0.237087,3.21124,0.152626
3,0.226406,3.35775,0.46032
2,0.214198,3.30891,0.225885
1,0.245861,3.33333,0.0793648
3,0.234417,3.43102,0.46032
2,0.222973,3.47985,0.201466
1,0.254253,3.50427,0.115995
3,0.243572,3.40659,0.555557
2,0.231747,3.60196,0.250305
1,0.263027,3.52869,0.177046
3,0.251583,3.50427,0.492065
2,0.24052,3.50427,0.238094
1,0.27142,3.30891,0.103785
3,0.259594,3.30891,0.492065
2,0.249294,3.43102,0.213675
1,0.280193,3.40659,0.054945
3,0.268749,3.30891,0.46032
2,0.25845,3.67521,0.225885
1,0.288587,3.33333,0.152626
3,0.277523,3.65079,0.555557
2,0.267605,3.69963,0.238094
1,0.297742,3.57753,0.152626
3,0.285916,3.38217,0.428574
2,0.276379,3.45543,0.177046
1,0.306134,3.40659,0.0671558
3,0.295072,3.65079,0.428574
2,0.285153,3.40659,0.225885
1,0.315289,3.60196,0.115995
3,0.303845,3.50427,0.46032
2,0.294309,3.74847,0.238094
1,0.324063,3.38217,0.164835
3,0.312619,3.47985,0.428574
2,0.303464,3.65079,0.225885
1,0.333219,3.52869,0.0915756
3,0.321393,3.45543,0.428574
2,0.312619,3.55311,0.201466
1,0.341992,3.43102,0.0671558
3,0.330167,3.57753,0.492065
2,0.321774,3.72405,0.238094
1,0.350386,3.57753,0.164835
3,0.339322,3.35775,0.46032
2,0.33093,3.74847,0.225885
1,0.359922,3.47985,0.115995
3,0.348478,3.72405,0.365082
2,0.340085,3.50427,0.213675
1,0.368696,3.77289,0.054945
3,0.358015,3.79731,0.46032
2,0.349241,3.60196,0.238094
1,0.378233,3.67521,0.152626
3,0.366407,3.72405,0.523811
2,0.358397,3.55311,0.238094
1,0.387388,3.67521,0.152626
3,0.375181,3.43102,0.365082
2,0.367552,3.55311,0.201466
1,0.395781,3.79731,0.054945
3,0.385099,3.65079,0.428574
2,0.377089,3.89499,0.225885
1,0.405699,3.82174,0.103785
3,0.394255,3.79731,0.46032
2,0.386244,3.82174,0.238094
1,0.414092,3.57753,0.152626
3,0.40341,3.60196,0.396828
2,0.395399,3.65079,0.213675
1,0.423629,3.87057,0.0793648
3,0.412566,3.72405,0.365082
2,0.404554,3.79731,0.238094
1,0.433166,3.62637,0.0793648
3,0.42134,3.62637,0.46032
2,0.414092,3.82174,0.262516
1,0.442702,3.89499,0.152626
3,0.430877,3.87057,0.396828
2,0.422866,3.55311,0.238094
1,0.451858,3.69963,0.0915756
3,0.440032,3.69963,0.365082
2,0.432403,3.74847,0.225885
1,0.460631,3.50427,0.0427341
3,0.44995,3.87057,0.396828
2,0.441558,3.57753,0.250305
1,0.469788,3.65079,0.140415
3,0.458724,3.65079,0.396828
2,0.451095,3.87057,0.250305
1,0.479324,3.57753,0.103785
3,0.468261,3.82174,0.333336
2,0.46025,3.72405,0.238094
1,0.488098,3.50427,0.0305252
3,0.477798,3.72405,0.396828
2,0.469788,3.89499,0.274725
1,0.498398,3.87057,0.140415
3,0.486572,3.84615,0.46032
2,0.478943,3.60196,0.274725
1,0.507172,3.62637,0.140415
3,0.496109,3.55311,0.333336
2,0.48848,3.87057,0.238094
1,0.516708,3.69963,0.0305252
3,0.505646,3.74847,0.396828
2,0.497635,3.79731,0.250305
1,0.526245,3.82174,0.103785
3,0.514801,3.52869,0.428574
2,0.50679,3.65079,0.262516
1,0.535401,3.60196,0.140415
3,0.524338,3.87057,0.365082
2,0.515945,3.55311,0.238094
1,0.544557,3.67521,0.0427341
3,0.533494,3.55311,0.333336
2,0.525101,3.77289,0.262516
1,0.554093,3.55311,0.0793648
3,0.543412,3.82174,0.365082
2,0.534257,3.72405,0.299145
1,0.563249,3.62637,0.140415
3,0.552567,3.52869,0.30159
2,0.543412,3.77289,0.274725
1,0.573167,3.57753,0.0671558
3,0.561723,3.77289,0.30159
2,0.552567,3.52869,0.262516
1,0.581941,3.65079,0.054945
2,0.580415,3.65079,0.682541
1,0.61017,3.55311,0.0427341
3,0.599489,3.74847,0.128204
2,0.763142,3.52869,0.523811
1,0.795186,3.57753,0.0793648
3,0.784886,3.43102,0.115995
2,0.938621,3.23565,0.365082
1,0.967612,3.35775,-0.00610542
3,0.95922,3.33333,0.103785
2,1.09274,2.77167,0.523811
1,1.12135,2.91819,0.0427341
3,1.1141,2.79609,0.0915756
2,1.21862,2.18559,0.650795
1,1.25067,2.18559,0.0671558
3,1.24456,2.23443,0.0427341
2,1.31743,1.72161,0.555557
1,1.35138,1.74603,0.0183144
3,1.34642,1.74603,0.054945
2,1.38724,0.98901,0.428574
1,1.41852,1.06227,0.0305252
3,1.41623,1.08669,0.0305252
2,1.42424,0.354092,0.333336
1,1.45285,0.402931,-0.00610542
3,1.45056,0.305252,0.0305252
2,1.42805,-0.0122108,-0.174606
1,1.45361,-0.0366287,-0.177046
3,1.45323,-0.0366287,-0.189255
2,1.41775,-0.476189,-0.904762
1,1.43149,-1.01343,-0.115995
3,1.43339,-0.842491,-0.213675
2,1.37007,-1.50183,-0.873016
1,1.36587,-1.77045,-0.152626
3,1.3735,-1.62393,-0.238094
2,1.28004,-2.35653,-0.809525
1,1.26478,-2.47863,-0.164835
3,1.27661,-2.16117,-0.238094
2,1.15148,-2.94261,-0.714287
1,1.13241,-2.89377,-0.0793648
3,1.14538,-2.89377,-0.213675
2,0.99012,-3.38217,-0.587303
1,0.971428,-3.50427,-0.164835
3,0.984398,-3.35775,-0.201466
2,0.807012,-3.62637,-0.714287
1,0.785268,-4.04152,-0.177046
3,0.799001,-3.99268,-0.213675
2,0.607882,-4.04152,-0.84127
1,0.581178,-4.16361,-0.152626
3,0.593767,-4.18803,-0.213675
2,0.388914,-4.77412,-0.492065
1,0.362211,-4.40781,-0.140415
3,0.374418,-4.43224,-0.189255
2,0.161555,-4.77412,-0.809525
1,0.134851,-4.67643,-0.115995
3,0.145533,-4.82296,-0.152626
2,-0.0650415,-4.74969,-0.619049
1,-0.0959415,-4.77412,-0.0183144
3,-0.0852594,-4.60318,-0.115995
2,-0.29469,-4.60318,-0.555557
1,-0.323682,-4.57875,-0.115995
3,-0.313764,-4.60318,-0.140415
2,-0.51442,-4.28571,-0.619049
1,-0.543031,-4.33455,-0.0183144
3,-0.534638,-4.50549,-0.103785
2,-0.718127,-4.13919,-0.492065
1,-0.748646,-3.77289,-0.054945
3,-0.741016,-3.84615,-0.0671558
2,-0.906577,-3.77289,-0.46032
1,-0.935187,-3.45543,-0.00610542
3,-0.928702,-3.47985,-0.0793648
2,-1.06794,-3.01587,-0.650795
